191.67 388.02 1
186.28 383.39 1
182.22 397.99 1
194.54 394.76 1
183.43 393.87 1
184.23 388.09 1
192.33 389.85 1
190.66 379.92 1
195.57 391.06 1
191.96 385.75 1
199.7 389.03 1
198.24 396.81 1
193.82 392.53 1
199.6 389 1
183.64 380.64 1
197.05 391.36 1
184.78 385 1
191.82 380.51 1
195.54 391.6 1
201.36 396.71 1
191.57 382.8 1
188.86 394.4 1
193.18 394.9 1
193.52 383.23 1
190.54 390.52 1
193.54 380.93 1
190.13 385.28 1
189.19 389.93 1
196.69 396.46 1
184.35 384.27 1
187.22 388 1
200.74 378.8 1
186.19 394.45 1
183.39 391.57 1
191.16 391.98 1
192.17 384.25 1
191.2 381.73 1
197.37 390.6 1
187.18 396.36 1
185.36 395.56 1
185 378.42 1
200.7 378.48 1
189.43 380.73 1
201.74 385.78 1
191.41 393.4 1
190.49 396.99 1
183 384.57 1
192.84 394.45 1
188.91 393.37 1
195.13 381.42 1
192.55 389.33 1
188.18 379.04 1
194.63 390.13 1
195.78 384.71 1
194 384.32 1
201.64 392.2 1
189.08 384.43 1
193.18 385.76 1
186.7 380.63 1
193.05 389.65 1
192.87 391.51 1
200.06 383.44 1
187.65 389.69 1
185.65 393.05 1
194.62 385.77 1
200.27 395.52 1
190.14 380.87 1
201.36 386.43 1
197.19 380.52 1
194.06 380.94 1
190.65 381.92 1
185.66 393.78 1
192.36 383.31 1
195.77 390.8 1
186.62 389.32 1
188.21 390.11 1
192.65 396.48 1
195.48 390.87 1
200.97 385.22 1
184.95 393.58 1
197.78 386.29 1
186.87 380.27 1
189.26 386.77 1
190.07 379.13 1
200.59 382.33 1
188.67 396.58 1
200.17 395.49 1
201.76 385.96 1
192.04 397.27 1
192.75 383.17 1
187.46 382.41 1
340.41 481.39 2
340.1 495.16 2
344.78 481.21 2
331.12 496.46 2
340.69 487.92 2
335.3 482.55 2
337.23 499.25 2
342.68 494.51 2
328.22 495.53 2
339.51 486.51 2
341.08 493.48 2
328.75 495.01 2
326.3 488.38 2
327.81 498.99 2
334.28 487.46 2
326.35 492.18 2
341.09 498.63 2
338.57 499.69 2
335.41 492.93 2
332.2 493.39 2
337.98 485.14 2
336.41 483.31 2
339.96 493.2 2
343.33 486.77 2
341.46 485.77 2
330.26 493.31 2
332.52 484.28 2
326.43 499.75 2
328.52 499.14 2
338.5 484.65 2
344.84 482.29 2
334.78 494.12 2
326.04 485.07 2
329.06 481.9 2
331.54 494.11 2
328.48 485.08 2
337.45 499.97 2
339.55 499.48 2
337.43 495.51 2
327.76 494.22 2
330.44 492.63 2
339.49 487.74 2
336.16 482.82 2
341.06 485.45 2
339.48 488.7 2
330.98 480.68 2
331.57 484.42 2
343.33 484.18 2
328.31 488.15 2
334.89 498.58 2
342.32 497.03 2
332.51 487.29 2
326.03 491.16 2
341.69 486.9 2
338.1 492.02 2
332.05 497.13 2
339.75 485.09 2
333.82 484.08 2
329.32 499.44 2
332.68 488.99 2
327.92 487.37 2
337.22 480.92 2
336.15 488.91 2
333.69 490.45 2
326.04 486.61 2
334.56 492.73 2
333.88 489.53 2
337.59 488.77 2
340.21 492.08 2
339.8 493.36 2
329.76 497.27 2
340.95 482.98 2
338.42 484.3 2
344.52 499.25 2
327.57 499.96 2
329.93 499.83 2
335.57 480.24 2
333.34 488.34 2
337.02 493.53 2
340.54 482.09 2
325.4 482.11 2
334.95 494.09 2
336.14 495 2
326.32 495.45 2
332.61 484.52 2
338.13 484.78 2
336.18 494.65 2
331.86 493.36 2
332.1 496.01 2
344.72 488.13 2
294.98 518.49 3
291.23 516.72 3
288.05 515.34 3
278.89 524.17 3
275.93 521.61 3
282.55 514.63 3
281.36 518.21 3
279.33 518.85 3
283.84 525.99 3
288.43 529.03 3
291.04 528.4 3
278.14 522.74 3
281.71 515.52 3
278.62 526.96 3
291.96 525.89 3
287.65 513.1 3
286.88 512.23 3
285.28 527.11 3
280.91 526.84 3
283.04 531.88 3
285.71 523.52 3
281.09 523.43 3
294.47 517.23 3
285.36 515.44 3
280.82 507.61 3
292.46 516.93 3
288.01 519.53 3
287.09 524.37 3
289.28 514.53 3
278.14 515.27 3
280.88 506.35 3
290.47 508.46 3
286.48 501.99 3
289.54 509.65 3
284.03 505.59 3
290.56 510.6 3
283.11 500.77 3
292.86 512.83 3
280.09 510.88 3
288.59 515.62 3
293.92 504.93 3
283.62 505.76 3
289 500.88 3
284.38 493.54 3
281.44 496.12 3
290.95 496.9 3
293.05 488.36 3
276.16 489.8 3
278.67 505.62 3
283.59 501.08 3
286.26 492.08 3
291.35 490.49 3
288.35 487.82 3
282.77 477.32 3
283.58 480.83 3
292.1 477.41 3
294.59 481.41 3
285.3 479.59 3
279.84 489.81 3
293.43 491.57 3
280.47 469.46 3
279.58 471 3
291.63 475.93 3
291.74 468.47 3
288.93 466.17 3
276.82 482.18 3
282.36 481.33 3
288.45 471.95 3
288.05 469.6 3
276.47 479.88 3
300.56 466.5 3
298.47 471.81 3
284.07 481.36 3
287.38 464.73 3
284.4 473.29 3
287.97 480.09 3
298.61 474.17 3
289.85 469.67 3
283.63 464.57 3
298.97 464.74 3
291.27 458.95 3
294.18 463.21 3
294.48 465.85 3
289.87 468.79 3
290.94 459.28 3
296.98 458.08 3
280.27 454.63 3
285.93 466.91 3
278.23 463.41 3
282.53 454.21 3
288.59 454.81 3
276.72 457.2 3
285.36 461.91 3
277.37 457.95 3
278.49 447.63 3
293.35 448.16 3
291.39 449.97 3
294.06 448.98 3
293.1 455.09 3
287.31 453.59 3
282.92 456.89 3
285.34 460.96 3
277.37 443.03 3
285.76 448.16 3
290.56 452.58 3
292.64 460.18 3
280.59 460.58 3
277.92 446.65 3
287.88 447.08 3
286.07 446.54 3
283.37 453.01 3
285.11 438.68 3
278.74 440.95 3
283.6 443.65 3
284.92 444.38 3
287.73 453.63 3
277.89 445.57 3
289.52 436.22 3
295.98 436.38 3
287.3 436.81 3
296.1 441.71 3
292.47 447.83 3
289.95 450.92 3
297.99 443.04 3
297 434.36 3
296.57 445.3 3
299.79 440.01 3
299.96 442.62 3
299.68 439.13 3
296.39 436.12 3
320.92 454.47 3
310.97 444.94 3
323.03 452.19 3
309.97 447.02 3
311.33 456.66 3
320.74 452.42 3
323.85 458.09 3
305.53 448.24 3
307.96 450.16 3
318.1 460.06 3
307.99 450.18 3
306.09 447.03 3
314.32 446.33 3
310.71 454.38 3
318.18 440.03 3
317.17 448.15 3
314.51 454.5 3
314.28 444.67 3
315.05 449.01 3
310.99 457.54 3
313.12 441.72 3
309.27 445.33 3
309.35 444.71 3
311.14 443.3 3
305.75 437.12 3
309.01 455.41 3
312.25 437.3 3
305.43 442.71 3
309.84 453.82 3
305.52 444.09 3
321.73 441.87 3
314.2 439.02 3
329.11 440.43 3
316.15 455.43 3
316.5 454.81 3
314.86 452.27 3
323.51 448.13 3
324 439.58 3
322.74 448.47 3
322.93 447.08 3
335.27 437.48 3
338.28 451.23 3
328.09 447.29 3
322.51 449.93 3
323.06 450.62 3
331.6 452.04 3
334.17 449.54 3
330.58 439.86 3
327.51 450.65 3
335.91 449.43 3
343.39 443.55 3
331.72 435.02 3
336.7 447.63 3
330.01 450.15 3
328.63 448.64 3
329.16 436.68 3
327.53 440.84 3
332.23 452.85 3
330.02 447.25 3
328.79 452.26 3
340.74 442.92 3
353.55 435.51 3
345.18 445.63 3
337.29 440.98 3
343.28 435.96 3
341.23 445.12 3
355.15 435.15 3
345.11 444.24 3
339.09 437.76 3
340.62 442.32 3
351.08 437.81 3
355.65 442.49 3
357.24 446.59 3
361.65 444.11 3
345.92 445.21 3
349.02 451.95 3
348.38 438.95 3
358.49 451.57 3
345.9 441.06 3
360.79 449.67 3
358.19 447.11 3
351.18 457.04 3
355.48 453.5 3
354.18 451.7 3
351.94 452.31 3
365.01 439.53 3
369.88 441.77 3
359.26 454.45 3
355.58 455.95 3
353.81 440.37 3
361.36 454.94 3
368.56 447.07 3
375.49 443.25 3
366.36 450.91 3
363.16 455.29 3
371.11 458.19 3
372.98 448 3
373.03 447.92 3
374.39 457.3 3
372.26 445.73 3
377.06 450.13 3
379.63 439.73 3
372.1 441.27 3
383.96 458.63 3
371.14 456.3 3
367.27 441.51 3
381.39 453.48 3
381.73 455 3
366.89 451.22 3
377.3 444.36 3
380.11 448.47 3
379.44 449.11 3
376.58 457.72 3
372.81 456.82 3
382.33 462.54 3
386.07 457.32 3
378.29 448.74 3
373.19 450.57 3
370.29 444.36 3
383.03 452.18 3
368.76 464.2 3
384.78 457.26 3
383.27 468.2 3
369.62 471.17 3
372.26 465.96 3
371.47 468.03 3
380.38 467.98 3
383.79 455.89 3
385.78 457.04 3
380.57 470.4 3
382.35 480.17 3
386.18 481.18 3
378.57 471.25 3
381.73 468.53 3
376.54 466.42 3
368.33 466.71 3
372.74 474.28 3
382.27 482.73 3
384.97 466.96 3
372.55 468.1 3
378.96 486.39 3
380.22 496.84 3
375.67 493.78 3
366.74 495.22 3
367.36 484.87 3
366.04 493.07 3
366.34 488.55 3
376.13 492.72 3
374.27 494.8 3
371.04 489.64 3
373.75 473.85 3
378.51 489.22 3
385.28 490.17 3
372.82 490.59 3
372.1 476.8 3
370.43 475.76 3
384.99 474.93 3
385.69 476.61 3
381.26 479.32 3
372.69 488.47 3
381.36 492.11 3
384.11 474.87 3
368.05 475.11 3
374.83 473.57 3
369.97 484.63 3
371.07 475.87 3
366.76 489.93 3
384.18 482.18 3
385.75 492.76 3
368.73 488.29 3
385.87 493.03 3
377.38 499.81 3
384.49 495.86 3
372.36 495.33 3
375.01 501.77 3
375.62 488.1 3
379.96 501.58 3
370.54 498.8 3
383.35 503.41 3
371.08 490.36 3
370.21 495.93 3
373.48 514.8 3
370.55 504.81 3
370.71 506.46 3
371.66 499.01 3
377.41 502.92 3
367.2 513.39 3
377.92 514.13 3
384.16 514.71 3
385.25 505.71 3
373.21 523.99 3
377.33 518.61 3
385.47 514.76 3
375.76 521.69 3
371.97 523.57 3
372.11 523.87 3
370.64 515.02 3
366.48 514.77 3
378.54 523.61 3
383.2 513.48 3
367.42 522.37 3
385.56 520.12 3
368.75 523.87 3
384.73 533.84 3
377.31 529.91 3
376.84 529.64 3
378.41 535.94 3
369.63 528.13 3
366.75 524.39 3
366.24 522.79 3
377.66 536.96 3
378.88 541.38 3
372.15 528.05 3
373.61 537.04 3
366.17 522.84 3
383.47 527.33 3
383.24 522.12 3
367.52 527.08 3
373.86 535.5 3
382.26 535.66 3
357.93 535.36 3
365.68 532.88 3
363.11 538.57 3
350.31 534.83 3
365.66 535.6 3
359.09 526.82 3
358.05 533.23 3
367.55 529.39 3
361.73 527.94 3
349.54 536.64 3
347.31 543.75 3
346.07 536.35 3
351.77 531.47 3
353.46 529.62 3
354.41 533.82 3
361.57 541.99 3
346.78 545.99 3
344.67 536.04 3
361.73 540.08 3
355.75 544.66 3
346.84 539.93 3
343.98 538.04 3
342.01 536.7 3
335.88 525.71 3
338 533.94 3
338.97 526.9 3
353.23 530.62 3
338.4 540.83 3
341.43 533.65 3
336.62 535.57 3
338.84 535.99 3
336.84 529.85 3
325.93 534.64 3
329.93 528.94 3
327.31 526.5 3
342.67 535.84 3
325.67 540.26 3
335.96 529.47 3
324.81 530.54 3
323.57 531.35 3
330.93 539.85 3
325.2 527.89 3
314.42 533.91 3
317.52 532.12 3
329.36 531.92 3
318.32 542.56 3
321.96 540.29 3
322.88 530.85 3
328.42 530.82 3
323.48 524.62 3
313.88 542.08 3
319.01 525.49 3
323.61 529.62 3
320.88 535.79 3
306.95 532.76 3
315.62 541.98 3
316.32 525.54 3
307.04 539.87 3
313.11 543.76 3
317.78 533.33 3
304.88 538.15 3
310.86 537.3 3
306.53 527.56 3
293.92 539.02 3
295.26 525.31 3
298.32 530.93 3
307.76 535.17 3
303.6 528.51 3
295.49 540.66 3
303.73 529.11 3
302.05 532.02 3
302.8 531.32 3
295.21 533.72 3
286.11 528.52 3
296.5 531.68 3
290.35 537.34 3
302.04 536.13 3
285.01 531.55 3
292.5 541.61 3
302.73 526.73 3
286.09 543.6 3
286.95 541.62 3
288.73 525.62 3
291.94 525.4 3
284.91 535.21 3
281.74 536.65 3
282.97 536.73 3
279.31 541.51 3
282.08 529.34 3
288.73 525.19 3
306.37 533.73 3
290.12 539.37 3
294.4 534.15 3
296.61 526.55 3
306.91 536.5 3
306 526.44 3
291.47 542.59 3
305.58 525.35 3
297.59 544.89 3
288.33 527.02 3
305.29 540.79 3
311.39 536.2 3
310.13 526.2 3
318.07 544.46 3
309.02 529.11 3
305.32 536.69 3
317.93 532.3 3
320.65 533.34 3
319.57 542.11 3
308.2 539.44 3
333.5 529.38 3
336.7 535.47 3
318.03 528.88 3
327.08 530.98 3
329.83 531.53 3
323.47 532.39 3
328.83 531.74 3
337.92 543.6 3
329.95 528.19 3
326.37 543.61 3
338.88 534.78 3
333.09 535.94 3
342.69 538.79 3
346.23 542.77 3
334.57 526.75 3
341.95 524.57 3
333.56 541.51 3
331.04 527.26 3
345.95 537.33 3
348.59 528.64 3
352.97 539.86 3
346.53 542.73 3
343.8 542.63 3
341.86 531.31 3
340.08 539.25 3
359.03 532.22 3
340.99 531.07 3
340.08 536.54 3
359.73 533.9 3
351.63 527.78 3
372.06 524.72 3
361.89 541.77 3
359.29 542.9 3
356.45 535.49 3
369.13 525.67 3
361.68 539.93 3
364.28 532.1 3
374.01 538.93 3
370.34 535.18 3
358.54 542.05 3
372.08 528.04 3
372.39 542.33 3
370.01 537.32 3
368.39 525.05 3
369.99 533.21 3
371.23 533.56 3
382.96 526.72 3
371.94 527.73 3
368.82 527 3
377.01 538.67 3
380.64 509.76 3
379.15 510.5 3
381.52 516.9 3
385.61 509.08 3
385.72 511.69 3
385.25 520.56 3
372.08 521.03 3
373.05 527.4 3
375.92 515 3
380.46 508.53 3
381.17 509.89 3
377.5 498.2 3
378.08 515.71 3
383.04 504.89 3
374.27 498.43 3
371.71 507.72 3
382.35 500.94 3
374.14 512.62 3
372.42 498.97 3
375.79 497.16 3
383.88 449.14 3
375.92 450.35 3
378.77 441.93 3
369.78 441.17 3
377.04 443.58 3
382.24 446.89 3
370.4 456.44 3
371.94 447.36 3
369.27 445.18 3
386.51 454.03 3
307.62 450.76 3
293.17 456.52 3
291.63 444.09 3
303.18 444.98 3
308.05 451.8 3
298.22 448.06 3
308.96 446.43 3
306.11 459.63 3
295.57 453.74 3
293.5 453.79 3
305.05 445.18 3
294.13 455.98 3
289.97 444.39 3
296.05 451.41 3
292.94 442.44 3
293.6 442.95 3
306.73 455.38 3
302.1 441.24 3
297.24 443.52 3
305.96 459.49 3
282.21 479.76 3
295.87 491.26 3
285.18 491.68 3
292.34 478.29 3
294.6 484.44 3
295.86 490.94 3
285.59 490.64 3
277.5 488.55 3
282.95 483.96 3
294.89 478 3
290.23 498.08 3
294.37 506.82 3
283.9 501.09 3
292.28 502.85 3
283.46 506.98 3
293.4 499.57 3
292.27 500.25 3
283.43 492.35 3
289.43 490.77 3
281.36 509.62 3
283.61 494.48 3
278.76 498.29 3
276.56 482 3
279.43 485.63 3
276.21 493.2 3
279.88 482.74 3
285 481.02 3
284.56 487 3
293.44 490.91 3
291.58 485.65 3
198.3 458.14 4
203.89 469.93 4
199.19 463.46 4
198.64 454.27 4
196.65 451.89 4
199.64 464.95 4
207.5 464.11 4
188.17 464.08 4
193.09 458.38 4
203.07 451.7 4
197.56 457.59 4
202.17 466.1 4
200.91 465.19 4
196.98 459.22 4
205.31 463.32 4
195.67 469.62 4
201.69 461.65 4
191.84 464.67 4
191 451.79 4
200.77 466.85 4
201.71 451.69 4
192.59 451.93 4
200.48 453.18 4
194.89 447.26 4
197.26 465.19 4
200.44 466.05 4
196.99 465.68 4
203.72 452.95 4
206.59 454.63 4
207.58 464.62 4
202.88 451.85 4
204.78 446.27 4
200.15 456.7 4
207.99 446.47 4
200.37 458.39 4
201.7 446.48 4
201.3 449.72 4
200.37 440.41 4
215.49 457.73 4
214.85 448.79 4
201.53 448.19 4
211.18 454.93 4
207.18 441.92 4
212.44 448.85 4
210.42 452.5 4
210.99 452.69 4
218.63 442.57 4
204.34 451.16 4
221.99 437.54 4
218.96 448.85 4
208.27 450.06 4
212.25 447.75 4
217.98 434.97 4
221.75 431.21 4
223.15 449.72 4
219.95 445.2 4
224.86 440.54 4
220.52 430.74 4
225.66 441.67 4
212.64 445.5 4
214.78 443.36 4
218.02 436 4
218.18 444.59 4
218.23 429.54 4
216.33 431.04 4
228.17 447.54 4
214.33 428.31 4
229.09 428.86 4
227.48 436.96 4
227.73 436.69 4
230.46 435.62 4
229.82 423.5 4
234.03 434.96 4
239.51 436.33 4
225.41 430.7 4
225.95 436.85 4
227.65 432.75 4
221.91 423.96 4
227.68 424.42 4
235.92 434.8 4
235.65 420.72 4
228.66 418.43 4
235.06 419.85 4
236.03 428.26 4
229.29 427.44 4
225.75 414.38 4
239.79 416.05 4
243.86 424.58 4
232.34 418.07 4
236.91 428.55 4
241.79 427.96 4
235.44 409.6 4
235.16 416.5 4
244.16 408.77 4
231.48 423.2 4
242.9 424.95 4
246.4 423.32 4
239.09 408.26 4
247.89 409.23 4
244.61 415.54 4
245.38 410.68 4
244.9 411.19 4
236.65 408.73 4
243.95 404.73 4
254.25 407.38 4
251.26 415.82 4
247.76 399.39 4
252.76 404.75 4
240.98 403.86 4
236.98 413.05 4
240.26 404.66 4
255.2 395.54 4
258.91 404.23 4
243.74 406.34 4
252.82 397.57 4
250.77 401.71 4
247.93 399.11 4
252.33 393.87 4
255.98 391.3 4
245.39 396.91 4
246.85 408.06 4
251.04 401.55 4
258.05 396.09 4
246.61 390.08 4
245.69 393.88 4
259.65 385 4
260.94 396.9 4
245.64 402.94 4
244.92 403.08 4
251.78 388.86 4
243.08 398.84 4
258.91 382.06 4
248.48 385.45 4
259.08 386.77 4
250.36 382.85 4
247.62 398.27 4
261.63 384.05 4
247.43 381.97 4
250.61 395.19 4
264.37 390.65 4
258.36 391.3 4
190.06 455.47 4
195.48 451.46 4
201.24 458.19 4
198.89 458.24 4
203.55 468.81 4
199.34 466.97 4
191.85 452.98 4
203.38 455.55 4
198.53 464.05 4
203 455.49 4
194.69 464.91 4
186.61 453.88 4
190.47 462.79 4
195.8 462.98 4
189.89 460.86 4
190.97 452.25 4
194.53 459.51 4
183.97 458.15 4
198.73 449.22 4
186.47 447.6 4
184.29 449.35 4
176.73 455.3 4
191.18 446.89 4
179.84 452.04 4
175.18 443.39 4
181.11 456.55 4
190.27 440.32 4
190.94 453.05 4
189.19 450.35 4
179.1 452.01 4
174.44 449.97 4
172.03 434.57 4
174.07 450.58 4
175.13 449.2 4
165.88 448.76 4
168.29 432.29 4
179.29 450.29 4
172.98 449.92 4
172.1 450.39 4
167.58 442.8 4
174.78 439.86 4
164.13 436.56 4
176.13 446.54 4
169.48 447.33 4
178.52 433.01 4
166.08 434.11 4
162.53 429.1 4
176.36 432.25 4
168.91 448.69 4
177.75 445.15 4
164.68 432.66 4
166.76 437.64 4
164.07 435.11 4
152.04 431.92 4
168.08 423.64 4
158.56 432.68 4
161.75 426.83 4
170.06 433.08 4
154.79 423.99 4
165.09 429.73 4
154.66 435.48 4
147.97 434.71 4
147.19 430.58 4
154.19 422.82 4
151.84 435.21 4
162.41 430.96 4
153.94 425.48 4
153.24 435.55 4
149.07 419.97 4
146.52 418.66 4
148.73 424.08 4
148.69 416 4
138.89 425.37 4
153.89 411.67 4
152.34 417.64 4
142.22 424.99 4
153.99 412.53 4
149.8 408.78 4
147.58 417.33 4
144.91 423.09 4
148.67 411.39 4
140.61 414.57 4
134.42 406.89 4
146.25 408.91 4
139 418.24 4
140.38 412.91 4
139.69 400.23 4
138.24 409.93 4
137.67 402.47 4
149.3 409.35 4
126.59 412.45 4
140.89 405.4 4
129.15 412.94 4
126.7 400.82 4
140.11 404.86 4
138.7 397.16 4
125.15 403.94 4
132.31 411.92 4
138.65 413.69 4
128.17 395.76 4
132.45 392.75 4
140.23 391 4
135.5 390.57 4
125.47 394.75 4
138.57 407.52 4
131.49 408.38 4
123.88 393.71 4
137.26 394.43 4
126.34 401.15 4
124.47 400.66 4
122.16 404.27 4
136.05 397.37 4
134.26 394.87 4
138.96 386.37 4
136.19 387.27 4
123.36 388.86 4
138.88 390.61 4
139.61 397.8 4
128.32 386.19 4
120.12 401.68 4
123.52 388.45 4
119.1 392.93 4
133.36 385.84 4
120.26 400.77 4
134.65 392.68 4
119.76 393.56 4
124.64 386.31 4
128.29 396.37 4
120.41 393.71 4
123.22 385.37 4
145.77 393.51 4
137.14 393.7 4
138.18 393.07 4
137.07 397.67 4
140.52 389.69 4
135.67 398.87 4
128.85 408.99 4
130.66 405.39 4
134.79 398.03 4
135.89 406.96 4
150.18 418.17 4
142.18 414.92 4
140.63 411.45 4
145.11 407.78 4
147.82 411.9 4
151 407.72 4
150.83 415.74 4
135.16 401.2 4
136.89 414.08 4
140.62 404.82 4
150.2 408.49 4
152.68 422.47 4
151.35 412.86 4
157.05 424.34 4
148.68 426.44 4
160.54 408.35 4
149.52 417.35 4
153.08 417 4
155.37 412.9 4
159.1 408.44 4
150.24 427.06 4
152.83 419.78 4
160.87 431.75 4
158.89 428.23 4
153.08 416.97 4
167.93 434.65 4
166.45 424.95 4
163.38 433.96 4
160.96 427.63 4
161.1 433.9 4
181.14 437.87 4
176.46 438.86 4
169.81 438.33 4
182.45 430.82 4
163.65 445.6 4
181.41 431.22 4
166.67 440.68 4
178.08 432.8 4
167.84 440.94 4
169.44 436.48 4
171.23 449.72 4
182.82 444.9 4
176.3 445.6 4
188.05 441.99 4
183.7 439.02 4
175.06 445.93 4
180.96 448.71 4
183.01 442.18 4
169.45 449.21 4
187.35 437.74 4
191.27 444.3 4
182.97 438.2 4
185.82 440.49 4
189.89 441.88 4
188.1 445.55 4
182.45 448.23 4
177.89 452.31 4
193.3 455.14 4
195.03 439.95 4
189.35 439.2 4
117.72 385.48 4
122.63 377.76 4
121.74 387.04 4
124.2 375.18 4
127.16 382.54 4
127.69 382.12 4
123.44 381.06 4
121.13 376.28 4
127.91 371.9 4
133.42 381.22 4
130.44 374.66 4
136.7 380.41 4
128.86 374.55 4
136.66 367.58 4
138.2 382.07 4
127.34 375.42 4
140.79 381.27 4
125.45 380.05 4
132.13 378.84 4
131.31 376.54 4
137.27 366.15 4
133.56 370.78 4
138.64 360.85 4
138.61 361.91 4
137.03 359.91 4
142.13 359.84 4
140.54 361.11 4
139.26 374.2 4
130.06 359.98 4
147.35 368.34 4
140.84 353.83 4
134.76 366.96 4
150.47 356.02 4
144.82 367.66 4
151.73 367 4
139.22 371.1 4
147.48 372.7 4
141.74 356.31 4
147.96 360.38 4
139.26 357.93 4
141.8 358.32 4
156.21 348.31 4
156.45 363.2 4
156.08 352.66 4
150.86 357.83 4
152.37 350.2 4
158.09 357.93 4
156.27 360.5 4
157.75 363.24 4
155.08 362.48 4
162.43 346.75 4
163.35 349.73 4
161.67 346.8 4
148.99 356.4 4
153.2 348.88 4
159.99 354.49 4
156.76 343.47 4
152.85 362.09 4
153.94 347.41 4
154.56 353.59 4
163.39 342.31 4
165.92 338.05 4
157 345.79 4
172.24 340.97 4
164.41 345.46 4
157 348.08 4
161.71 337.14 4
154.67 344.41 4
172.13 348.46 4
163.47 341.69 4
164.7 343.18 4
172.45 337.05 4
171.88 346.85 4
163.73 335.13 4
175.97 338.81 4
157.38 343.17 4
156.84 337.49 4
166.79 351.48 4
171 345.14 4
172.25 346.07 4
176.58 341.91 4
169.96 332.16 4
178.97 325.11 4
178.44 326.47 4
169.4 336.15 4
181.5 328.26 4
171.77 343.04 4
176.6 328.48 4
175.76 340.22 4
172.65 341.4 4
174.81 327.5 4
191.28 324.43 4
190.37 340.29 4
175.31 340.67 4
186.26 340.09 4
176.14 336.95 4
184.61 340.22 4
182.48 338.43 4
190.87 322.33 4
176.67 325.27 4
178.32 337.64 4
186.63 326.13 4
176.43 333.61 4
177.88 335.8 4
191.76 332.31 4
179.12 338.13 4
185.95 329.39 4
187.96 330.96 4
175.63 337.27 4
179.15 321.21 4
193.52 328.24 4
178.94 327.4 4
191.32 338.3 4
193.89 324.32 4
179.57 336.73 4
184.27 335.84 4
183.85 330.84 4
192.23 323.22 4
193.01 325.36 4
184.32 327.39 4
200.13 343.46 4
202.98 332.06 4
198.42 329.82 4
188.9 340.01 4
200.39 344.17 4
191.98 331.19 4
187.45 334.11 4
196.08 342.22 4
192.31 342.2 4
192.81 337.94 4
190.76 349.94 4
200.67 349.47 4
208.32 341.83 4
197.8 346.03 4
208.77 350.61 4
201.54 335.23 4
193.3 346.37 4
196.31 345.38 4
202.7 337.96 4
208.83 333.32 4
195.91 344.7 4
212.93 334.53 4
207.48 342.27 4
202.13 353 4
203.85 341.3 4
199.29 341.41 4
212.12 341.43 4
206.18 336.02 4
200.38 340.09 4
200.35 350.43 4
206.29 341.36 4
217.96 351.75 4
222.43 337.16 4
218.31 344.44 4
211.09 350.99 4
214.13 346.28 4
208.15 339.44 4
218.07 341.14 4
213.75 349.12 4
215.24 337.6 4
224.5 350.74 4
210.19 344.25 4
209.7 357.27 4
211.29 347.59 4
220.44 348.32 4
222.85 343.04 4
219.92 351.36 4
225.22 345.5 4
225.96 340.91 4
222.28 357.91 4
220.36 363.04 4
219.53 361.85 4
226.05 346.9 4
220.05 353.52 4
228.9 362.98 4
225.64 346.26 4
228.64 353.13 4
220.18 360 4
223.64 360.37 4
228.58 354.81 4
228.59 367.66 4
231.4 371.1 4
242.12 371.48 4
232.93 371 4
231.8 363.3 4
242.2 355.7 4
228.65 358.03 4
229.7 372.52 4
232.95 355.08 4
229.14 363.95 4
234.46 370.7 4
247.11 373.95 4
243.17 358.13 4
239.66 359.27 4
232.77 365.49 4
243.63 368.23 4
241.06 373.55 4
240.9 367.56 4
248.27 376.65 4
237.77 360.71 4
253.71 364.84 4
243.26 379.69 4
254.33 375.17 4
245.46 373.74 4
247.71 366.26 4
240.4 366.04 4
256.63 382.68 4
247.55 372.71 4
248.04 377.17 4
240.53 363.84 4
242.42 377.33 4
257.53 369.08 4
257.42 370.07 4
251.96 382.08 4
248.29 369.64 4
259.34 385.78 4
253.46 371.86 4
255.27 373.52 4
244.83 369.61 4
248.63 379.58 4
235.05 369.8 4
237.22 372.49 4
249.32 368.07 4
242.86 374.1 4
238.66 362.07 4
250.89 375.81 4
241.31 370.12 4
237.49 362.68 4
237.23 371.37 4
246.65 360.96 4
219.41 365.99 4
223.52 360.2 4
228.85 369.91 4
217.11 361.84 4
234.9 357.68 4
222.46 363.06 4
223.96 361.62 4
230.89 367.73 4
229.33 357.19 4
230.89 369.42 4
226.28 352.54 4
213.51 353.54 4
214.99 363.01 4
226.78 361.09 4
217.91 354.33 4
214.09 357.95 4
221.93 355.37 4
229.22 349.4 4
225.11 358.57 4
211.71 354.16 4
210.42 344.9 4
213.16 343.07 4
213.08 349.23 4
206.17 350.93 4
219.06 343.72 4
217.43 348.01 4
206.71 339.37 4
212.88 345.11 4
214.92 342.69 4
210.66 343.11 4
202.17 343.93 4
190.27 339.93 4
191.43 339.48 4
201.45 328.21 4
205.77 346.44 4
206.99 330.85 4
200.21 339.23 4
201.98 341.81 4
193.11 330.56 4
195.36 338.81 4
192.18 333.78 4
178.05 337.99 4
182.74 327.85 4
187.46 341.07 4
191.62 326.92 4
189.26 333.86 4
181.52 334.34 4
177.42 337.54 4
186.32 326.16 4
179.18 323.71 4
130.22 368.24 4
134.92 370.21 4
130.08 356.89 4
137.76 375.17 4
141.57 356.92 4
134.31 367.94 4
145.15 357 4
148.45 362.05 4
143.25 359.34 4
132.38 365.07 4
130.39 374.35 4
138.76 368.03 4
134.69 370.98 4
132.68 357.75 4
142.41 365.15 4
145.76 374.53 4
138.66 368.6 4
137.79 363.31 4
133.72 359.79 4
142.8 367.33 4
140.04 358.54 4
149.51 355.02 4
150.25 357.86 4
155.36 345.6 4
150.69 346.15 4
155.44 347.88 4
155.29 357.69 4
153.12 342.46 4
148.18 340.92 4
155.79 349.6 4
157.19 355.96 4
153.69 348.89 4
149.19 351.88 4
151.05 351.77 4
149.87 355.65 4
163.68 354.24 4
154.32 344.1 4
154.39 343.41 4
156.59 343.95 4
159.8 350.55 4
163.18 353.59 4
157.1 362.28 4
149.59 356.35 4
147.21 365.17 4
144.89 346.11 4
152.48 361.98 4
157.29 360.26 4
149.05 361.91 4
146.33 358.3 4
148.53 346.72 4
139.25 349.31 4
218.04 437.44 4
220.29 450.98 4
225.04 433.06 4
214.25 434.21 4
215.99 441.05 4
208.72 449.19 4
227.07 442.72 4
221.21 433.19 4
222.83 445.46 4
218.46 438.48 4
211.28 436.06 4
217.16 434.23 4
206.12 451.65 4
212.12 445.7 4
203.89 435.37 4
210.29 452.63 4
212.07 441.61 4
215.74 439.71 4
217.13 434.17 4
204.02 441.62 4
223.78 434.98 4
218.42 437.18 4
210.56 430.4 4
217.65 425.46 4
216.93 430.51 4
222.84 442.86 4
213.28 431.26 4
210.09 434.33 4
222.73 442.82 4
214.36 441.69 4
237.39 418.2 4
229.47 429.84 4
244.66 429.93 4
239.66 429.15 4
244.76 425.95 4
237.55 426.22 4
243.88 422.54 4
240.95 421.33 4
229.03 427.66 4
229.86 420.24 4
249.26 404.24 4
251.17 415.68 4
251.71 419.58 4
252.39 420.42 4
251.73 411.15 4
244.97 401.75 4
242.29 401.06 4
238.15 419.37 4
250.35 412.23 4
244.49 419.99 4
259.66 395.81 4
261.1 407.93 4
250.81 404.14 4
254.44 408.97 4
252.95 405.59 4
262.43 394.1 4
255.92 397.37 4
261.36 395.05 4
250.06 408.09 4
262.14 392.31 4
257.57 396.5 4
270.06 403.05 4
262.73 409.5 4
267.01 408.7 4
262.4 392.08 4
267.11 395.43 4
271.62 396.93 4
262.14 393.18 4
271.35 390.59 4
257.85 406.07 4
228.08 364.61 4
231.64 362.28 4
243.51 364.21 4
226.72 357.82 4
230.6 367.68 4
240.6 362.96 4
238.25 372.67 4
229.44 360.23 4
232.08 364.63 4
232.92 361.7 4
252.77 381.88 4
247.62 392.28 4
263.44 387.81 4
253.68 382.19 4
259.08 392.99 4
264.67 393.6 4
255.51 377.17 4
262.49 379.26 4
252.66 388 4
247.5 388.68 4
256.48 390.36 4
256.89 377.67 4
261.53 378.71 4
255.17 386.52 4
254.66 392.37 4
258.6 389.34 4
247.35 382.35 4
265.2 376.06 4
264.45 376.43 4
250.61 380.42 4
256.62 386.65 4
251.43 395.22 4
266.27 388.11 4
258.57 391.79 4
259.73 391 4
254.08 399.91 4
253.78 392.9 4
257.59 388.64 4
261.87 397.35 4
252.47 400.82 4
264.4 398.63 4
250 403.1 4
259.46 396.45 4
261.72 408.46 4
252.46 393.86 4
254.19 409.98 4
258.04 397.77 4
247.66 397.47 4
266.59 403.65 4
262.47 405.94 4
247.05 409.1 4
245.69 420.5 4
234.86 407.95 4
240.49 409.16 4
238.89 408.82 4
242.22 414 4
247.82 414.76 4
238.5 407.32 4
243.72 422.43 4
246.33 408.02 4
231.04 421.65 4
237.27 421.82 4
226.69 419.44 4
224.6 421.41 4
239.16 426.92 4
228.72 420.58 4
227.71 426.17 4
241.93 429.33 4
239.63 419.52 4
234.09 415.81 4
227.93 434.94 4
233.62 436.41 4
217.54 425.56 4
232.23 439.02 4
234.67 427.1 4
218.98 420.79 4
229.37 429.67 4
216.5 427.53 4
233.05 439.01 4
217.24 436.4 4
213.08 430.56 4
203.91 430.68 4
215.42 444.26 4
202.52 431.18 4
220.37 447.48 4
201.17 431.52 4
213.4 434.65 4
213.54 439.4 4
210.96 434.04 4
220.72 442.19 4
210.34 444.44 4
194.43 450.68 4
199.3 447.32 4
194.28 456.99 4
195.82 444.78 4
204.58 447.64 4
200.65 446.53 4
204.44 454.08 4
196.37 445.67 4
213.8 454.18 4
352.62 446.2 3
347.57 441.9 3
351.7 443.21 3
349.3 435.54 3
350.36 444.3 3
348.3 435.53 3
349.05 449.92 3
364.43 437.18 3
353.32 446.58 3
348.12 437.77 3
354.46 440.77 3
347.62 438.56 3
347.37 433.29 3
341.16 442.67 3
354.43 446.37 3
341.44 435.51 3
346.13 433.37 3
354.07 437.71 3
350.66 441.36 3
339.25 435.67 3
354.16 434.2 3
330.65 452.58 3
336.68 441.11 3
334.92 443.7 3
331.34 453.99 3
331.77 453.2 3
335.38 434.56 3
332.28 437.36 3
344.19 447.13 3
344.17 435.99 3
341.41 444.4 3
353.29 445.79 3
342.73 439.77 3
351.52 448.73 3
340.21 438.36 3
334.65 443.17 3
345.58 443.9 3
343.81 439.37 3
342.66 446.82 3
334.2 449.86 3
341.76 435.64 3
358.82 442.96 3
366.64 442.46 3
367.76 434.95 3
368.64 435.45 3
364.24 444.29 3
368.97 449.81 3
356.26 445 3
362.38 452.6 3
359.9 444.43 3
368.63 447.55 3
365.35 482.83 3
367.35 484.42 3
365.03 479.79 3
380.03 482.61 3
381.3 487.57 3
370.08 475.27 3
366.23 487.66 3
375.72 487.36 3
370.03 479.5 3
382.27 485.04 3
365.76 471.48 3
368.39 469.64 3
383.48 482.17 3
384.07 476.72 3
384.59 473.77 3
381.4 468.12 3
384.2 478.41 3
376.22 467.17 3
368.14 479.56 3
383.01 466.91 3
379.56 515.72 3
382.6 511.26 3
381.47 511.99 3
363.12 504.73 3
366.87 516.62 3
365.36 507.87 3
372.71 513.27 3
364.66 501.16 3
365.96 505.78 3
382.53 497.86 3
282.64 365.27 -1
180.87 329.72 -1
348.24 507.23 -1
148.71 327.57 -1
354.93 403.76 -1
222.26 360.51 -1
198.31 434.52 -1
320.1 432.7 -1
189 515.62 -1
258.98 449.59 -1
179.34 359.65 -1
132.88 525.39 -1
340.22 470.39 -1
148.85 434.21 -1
263.38 506 -1
285.63 385.88 -1
117.82 519.24 -1
161.7 440.67 -1
120.28 342.03 -1
320.12 429.9 -1
306.87 393.55 -1
213.5 443.29 -1
297.92 536.26 -1
142.18 403.83 -1
338.84 327.16 -1
231.48 487.44 -1
145.03 394.24 -1
143.95 470.76 -1
146.31 433.12 -1
284.02 514 -1
171.74 489.49 -1
231.47 410.66 -1
335.18 436.78 -1
206.13 452.43 -1
191.19 435.46 -1
337.81 486.17 -1
173.22 484.99 -1
293.66 364.85 -1
272.55 423.46 -1
269.24 437.79 -1
202.3 354.73 -1
156.87 496.98 -1
152.72 358.4 -1
344.22 432.53 -1
245.29 379.47 -1
180 460.97 -1
327.66 423.96 -1
301.15 378.63 -1
161.06 441.34 -1
155.67 341.81 -1
297.47 447.43 -1
294.78 512.77 -1
290.77 484.74 -1
167.93 442.3 -1
338.69 472.18 -1
282.69 514.68 -1
368.29 445.28 -1
295.5 525.92 -1
184.7 446.36 -1
130.27 514.15 -1
127.7 422.99 -1
310.78 357.32 -1
183.15 374.53 -1
156.88 458.72 -1
129.54 418.71 -1
335.13 457.69 -1
343.7 374.41 -1
179.41 531.05 -1
318.73 479.32 -1
193.51 473.08 -1
208.64 409.69 -1
206.21 466.76 -1
135.63 422.2 -1
138.46 543.74 -1
250.73 342.26 -1
218.81 426.49 -1
229.69 477.14 -1
284.29 532.91 -1
296.07 463.16 -1
288.54 459.93 -1
209.16 465.87 -1
317.9 355.28 -1
304.66 376.21 -1
275.39 444.87 -1
354.99 375.45 -1
375.01 434.52 -1
348.9 501.32 -1
203.83 470.36 -1
296.09 329.48 -1
361.14 367.97 -1
301.95 411.83 -1
386.27 527.61 -1
251.95 457.88 -1
191.07 370.28 -1
304.1 399.64 -1
385.17 381.44 -1
174.27 407.84 -1
229.46 518.63 -1
161.27 445.97 -1
184.84 394.25 -1
223.55 466.99 -1
209.15 458.42 -1
367.3 341.21 -1
239.41 403.66 -1
259.26 532.49 -1
252.43 528.64 -1
335.53 379.85 -1
334.05 380.68 -1
149.39 496.62 -1
283.93 411.55 -1
325.42 520.47 -1
194.28 422.86 -1
190.06 432.93 -1
243.01 405.05 -1
217.51 407.01 -1
246.54 424.18 -1
235.51 482.56 -1
186.32 485.29 -1
155.66 396.77 -1
189.27 425.58 -1
211.39 406.11 -1
185.6 335.59 -1
122.48 542.1 -1
238.88 455.25 -1
360.86 422.39 -1
294.33 539.7 -1
156.27 476.01 -1
187.2 430.9 -1
330.4 401.54 -1
313.23 418.2 -1
338.97 367.56 -1
369.39 443.68 -1
169.11 536.44 -1
259.36 363.25 -1
193.15 494.34 -1
227.49 509.44 -1
182.19 525.38 -1
213.83 462.97 -1
161.89 454.64 -1
118.4 494.88 -1
227.03 382.59 -1
192.88 323.07 -1
165.37 381.55 -1
275.14 441.21 -1
311.66 371.82 -1
311.59 526.32 -1
254.42 346.56 -1
205.33 381.08 -1
239.98 429.06 -1
197.52 469.78 -1
301.31 509.12 -1
366.28 463.88 -1
196.14 502.57 -1
245.66 449.88 -1
222.96 431.74 -1
203.44 501.38 -1
225.29 420.35 -1
353.61 332.2 -1
373.92 543.17 -1
118.9 489.63 -1
279.38 451.28 -1
328.88 396.33 -1
289.34 454.59 -1
149.17 523.88 -1
308.7 510.69 -1
144 516.41 -1
274.9 344.51 -1
345.54 498.18 -1
179.74 412.47 -1
