340.080593000166 401.306241000071 1
333.985499000177 395.070042999927 1
335.612031000201 392.773647000082 1
345.092862000223 391.974363999907 1
330.569323000032 392.169848000165 1
339.312822999898 389.298434999771 1
339.686031000223 398.61877400009 1
343.316994000226 400.977901000064 1
333.065419999883 396.446630000137 1
342.511708000209 398.544327999931 1
340.766671999823 400.656415000092 1
337.277087999973 398.673247999977 1
340.923070999794 396.419065000024 1
341.683007000014 390.835886999965 1
342.708281000145 391.703137999866 1
343.201282000169 393.605033 1
341.791383000091 397.986231000163 1
331.578933999874 391.320538000204 1
342.348366000224 393.762180000078 1
338.727878999896 396.267293999903 1
334.738222999964 395.718766000122 1
330.975653999951 394.57460599998 1
344.716322999913 392.09760100022 1
341.841244999785 395.915595000144 1
337.327810999937 394.15234699985 1
337.534911999945 389.968692000024 1
342.663162999786 398.431352999993 1
331.561238999944 391.729294999968 1
334.40383999981 401.985080000013 1
332.629104000051 391.597103000153 1
335.299560000189 396.55072600022 1
336.396044999827 390.704500999767 1
342.243536999915 401.898397999816 1
339.051363999955 401.802294999827 1
343.168777000159 393.770492999814 1
339.352742000017 396.219544999767 1
340.294815000147 397.91381700011 1
335.593735000119 396.100544000044 1
331.089887000155 399.788712000009 1
337.715063000098 399.279529999942 1
335.798527000006 390.623579999898 1
342.880836999975 390.597740999889 1
343.378837999888 392.276885000058 1
336.571469000075 388.70158400014 1
338.360745999962 393.431067000143 1
332.635257999878 388.442526000086 1
343.189617000055 397.453784999903 1
332.511510000098 399.986099000089 1
336.477483999915 397.836385000031 1
332.235915000085 389.441686999984 1
275.564732000232 392.559510999825 2
271.378120000008 404.168049000204 2
275.536663000006 391.976090000011 2
277.958006000146 397.734982999973 2
281.468803000171 397.988183000125 2
276.999392999802 389.689679999836 2
277.532668000087 400.254569999874 2
283.876598999836 398.569484000094 2
275.246861999854 393.905619999859 2
280.570826000068 400.053100000136 2
284.972879000008 389.935608999804 2
272.625878999941 403.725992999971 2
284.073303999845 403.610801999923 2
275.946336000226 400.726569000166 2
275.631306000054 400.140395000111 2
271.080223999918 394.248447000049 2
271.56240000017 400.297164000105 2
273.661956999917 402.378101999871 2
281.391483999789 400.420233999845 2
273.427796999924 398.024796000216 2
282.834764000028 403.955949999858 2
275.17954300018 398.659824999981 2
283.498360000085 390.48953700019 2
271.657103999984 403.527952000033 2
282.961077999789 398.744140000083 2
284.618311999831 392.174819000065 2
279.342093000188 404.362902000081 2
270.902385999914 403.879670999944 2
280.118470000103 404.34404100012 2
279.850511000026 399.025212000124 2
282.69835200021 416.991049999837 2
284.884364999831 416.506583000068 2
278.547925000079 417.136450000107 2
272.391222000122 406.802037999965 2
277.926847000141 405.936453999951 2
275.040202999953 414.701766999904 2
280.756792999804 414.884978000075 2
276.10025600018 408.918399999849 2
279.437752000056 405.916401000228 2
272.477855999954 415.77772800019 2
284.624309999868 417.78525599977 2
280.52478600014 426.589997000061 2
286.989403000101 414.205672999844 2
274.815353000071 425.063535000198 2
285.541612000205 424.086339999922 2
275.997407999821 417.256587000098 2
278.908342999872 421.349551000167 2
275.412847999949 425.442823000252 2
287.055484999903 418.244719999842 2
277.670307000168 416.050514000002 2
280.128748999909 438.741917999927 2
280.342310000211 429.522609000094 2
284.103120999876 430.363543000072 2
294.341947000008 441.109651000239 2
287.621638000011 428.60290400032 2
288.48249799991 431.23475799989 2
285.283555000089 436.722258999944 2
286.409955000039 430.631586000323 2
289.852479999885 432.494152000174 2
292.558714999817 429.39255800005 2
300.289115000051 448.096348000225 2
301.998831000179 447.046858000103 2
296.696620999835 444.077189000323 2
292.593574999832 438.624294999987 2
295.824153999798 449.513397000264 2
294.305875000078 444.282610999886 2
303.000893000048 438.451207000297 2
294.69386699982 446.034585000016 2
295.395599999931 447.633481000084 2
298.359889999963 443.035277000163 2
298.105407999828 452.848544000182 2
298.494349000044 456.162745000329 2
307.769902999979 462.346611000132 2
297.570236000232 454.607466999907 2
308.14916000003 448.817819999997 2
306.467536999844 448.400144000072 2
300.060355999973 448.536395000294 2
298.264582999982 448.651820000261 2
301.684843999799 455.66270800028 2
308.0738309999 448.978669000324 2
310.796959000174 454.082526999991 2
312.118670000229 452.805322000291 2
311.059359000064 466.771413000301 2
318.166869999841 457.615817000158 2
314.176175000146 458.207098999992 2
316.558571000118 464.461933000013 2
307.646118999925 453.736591999885 2
317.605855000205 460.297666999977 2
310.377187999897 459.180017000064 2
311.657558000181 459.881522000302 2
328.125591999851 465.369022000115 2
331.674118999857 469.407306999899 2
318.059061000124 459.695964999963 2
327.572842000052 459.722072999924 2
325.065386999864 468.653207000345 2
323.394032999873 459.820330000017 2
327.346989999991 469.411017999984 2
323.62447200017 459.327498000115 2
327.730142999906 471.821191000286 2
320.339424000122 459.946117000189 2
336.860669000074 471.016857000068 2
329.326169000007 473.654308999889 2
336.970894000027 465.487050999887 2
328.943793999963 460.347212000284 2
341.481104999781 468.662958000321 2
331.426523000002 461.136917999946 2
331.442586999852 459.671700000297 2
340.471007000189 469.628787999973 2
334.635424000211 474.328426000196 2
334.673630000092 468.230307999998 2
345.601218000054 472.548501000274 2
340.310949999839 464.94068400003 2
341.861144000199 466.057520000264 2
342.321235999931 474.119177999906 2
339.784878999926 472.528696999885 2
348.661588000134 468.208697000053 2
344.018592999782 464.765122000128 2
346.396873999853 465.233286000323 2
343.950104000047 462.03741999995 2
344.375392000191 468.694385000039 2
281.591250000056 390.116572000086 2
274.038128000218 390.173677999992 2
274.319044000003 388.317232000176 2
281.458730000071 392.840789000038 2
277.684638000093 395.224723999854 2
282.037909999955 390.391964999959 2
277.54200100014 388.628529000096 2
277.781628999859 381.780561999884 2
275.458581999876 382.77025000006 2
278.33758000005 383.239541999996 2
270.407542999834 375.868768000044 2
276.533646999858 380.289565000217 2
276.392326000147 372.586655000225 2
277.435391000006 374.823960999958 2
281.0096450001 375.529147000052 2
270.199572999962 375.50949899992 2
280.601464000065 379.713717000093 2
272.352343999781 380.397797000129 2
272.74782600021 371.799476999789 2
279.051520000212 385.182934000157 2
276.032953999937 373.474593000021 2
276.04079400003 371.569041000213 2
283.93596199993 372.577940999996 2
282.358872999903 376.170775000006 2
273.135604999959 374.693434000015 2
275.436521000229 366.388801000081 2
284.604973000009 361.595015000086 2
279.457003000192 364.791898999829 2
279.324618000071 373.007619999815 2
283.907215999905 372.13773099985 2
286.724506000057 362.70857599983 2
287.665115000214 356.211618000176 2
285.225418999791 365.002741999924 2
285.955506999977 367.179124999791 2
292.162618999835 357.082713000011 2
283.527553999797 355.450588999782 2
290.19073599996 354.795212000143 2
281.79827499995 364.437746000011 2
286.016962000169 364.524929000065 2
285.490943999961 356.040585000068 2
289.584323999938 353.874623999931 2
292.188362999819 354.931929999962 2
290.921076999977 351.638449999969 2
295.706486000214 347.77908599982 2
293.876329000108 344.007606999949 2
287.630673000123 356.822922000196 2
292.76003200002 346.940886000171 2
291.874253999908 347.710423999932 2
284.013354999945 351.794995999895 2
292.967625999823 361.836296000052 2
280.614341000095 362.254129999783 2
283.180738000199 359.081335000228 2
288.563686999958 352.996989000123 2
290.206956000067 359.305296000093 2
285.380559999961 360.669691000134 2
280.855977000203 352.008268999867 2
287.071576999966 356.453741999809 2
289.397274999879 358.707884000149 2
292.32484500017 350.750994999893 2
297.766363000032 343.718977000099 2
295.469016999938 352.890833000187 2
286.694364999887 346.289671999868 2
294.82860499993 353.694565999787 2
286.33236300014 341.491194999777 2
293.489422000013 343.918444999959 2
293.222575999796 343.745008000173 2
289.931313999929 341.977434999775 2
292.469142999966 345.385646999814 2
303.328251000028 344.780511000194 2
304.068678000011 340.544828999788 2
293.718036000151 338.427188999951 2
303.741065999959 343.235077999998 2
307.100600000005 336.871704000048 2
307.09996900009 341.692346999887 2
302.759434999898 337.83112199977 2
301.137457000092 346.819325999822 2
298.115906999912 348.274538999889 2
301.878403000068 342.889849000145 2
313.32788700005 344.940977000166 2
301.189420000184 346.244235000107 2
313.613148000091 341.952339000069 2
310.804626999889 345.506359000225 2
307.120536999777 342.781421999913 2
307.54880299978 333.738884000108 2
309.184045999777 341.367395999841 2
309.930445999838 341.127594000194 2
301.483397000004 340.018436999992 2
314.124737999868 336.966264000162 2
316.484484000131 330.42635500012 2
312.664367000107 342.642039000057 2
316.852740999777 328.654779999983 2
313.073115000036 333.346878999844 2
317.070995000191 341.424494999927 2
322.053408000153 338.632120999973 2
308.055980000179 337.719942000229 2
318.092466000002 332.764543000143 2
316.209414000157 340.604559999891 2
321.762986999936 332.181195999961 2
324.187342999969 336.267490999773 2
330.833409999963 335.663953999989 2
337.203918999992 347.113196999766 2
325.619167000055 343.377601000015 2
336.854183999822 335.616034000181 2
325.100755999796 342.157753999811 2
331.17795300018 337.049343999941 2
326.799414000008 333.708540000021 2
331.353066999931 335.78148799995 2
323.835491000209 346.367407999933 2
328.04509499995 335.579245999921 2
333.326241999865 339.170746000018 2
330.170179999899 334.505876999814 2
330.410356000066 332.77614099998 2
328.951834000181 326.862077000085 2
330.768906999845 332.976048000157 2
339.536853000056 333.274954999797 2
330.71094099991 329.752326999791 2
340.630439999979 340.895986999851 2
342.341614999808 332.016452000011 2
333.59476199979 332.964519000147 2
336.322652000003 330.620709000155 2
335.530784999952 334.798208000138 2
332.734618999995 334.91174999997 2
341.056561000179 333.587681999896 2
345.079256999772 329.809594000224 2
333.05690599978 328.164487000089 2
344.170750999823 340.133692999836 2
339.232667999808 339.78389800014 2
336.185130999889 331.491934999824 2
288.439141000155 429.814830000047 2
277.240346000064 421.534643999767 2
288.705926000141 432.914245000109 2
285.61660300009 420.086494999938 2
284.781975000165 423.352613999974 2
289.356124000158 431.610005999915 2
276.669199999887 428.340828000102 2
282.552151000127 423.650437999982 2
282.833926999941 433.334122000262 2
275.244181999937 423.181933000218 2
295.111847000197 440.70355800027 2
288.956797000021 441.54499100009 2
294.225846999791 446.283021000214 2
285.297542000189 443.724222999997 2
288.548696999904 435.404792000074 2
286.853298999835 445.89872100018 2
284.027945999987 445.659014000092 2
290.283964000177 445.466033000033 2
296.440758000128 448.085398999974 2
292.013282000087 440.945854000282 2
293.315739000216 454.471840000246 2
291.641048000194 451.673665999901 2
304.441722999793 446.362951000221 2
291.323487999849 453.85565600032 2
304.139917000197 446.935756999999 2
302.618131999858 444.201373000164 2
295.255117000081 447.44844800001 2
293.073137000203 444.524476000108 2
297.196814000141 447.21465400001 2
290.564933999907 451.969909999985 2
316.160480999853 462.161685000174 2
313.438000000082 447.888195000123 2
315.721752999816 451.953838000074 2
315.141911000013 447.759120000061 2
310.845393000171 456.790971000213 2
309.446165000089 449.9552480001 2
310.442799999844 455.088514000177 2
315.661547999829 459.732952999882 2
315.430583000183 460.020981000271 2
310.377650000155 460.583492999896 2
337.770816999953 464.291306000203 2
326.218851999845 469.661887000315 2
339.849760000128 473.900303000119 2
330.132836999837 465.409437000286 2
333.963119000196 466.885577999987 2
328.408026000019 463.216091000009 2
338.064695999958 470.464205000084 2
331.278638999909 464.062855000142 2
337.738963999785 473.016298000235 2
331.581642999779 473.827144999988 2
278.063279999886 382.482284000143 2
283.170090000145 379.762041000184 2
284.882455999963 377.243555999827 2
286.762548999861 376.382792999968 2
285.977713000029 375.200914000161 2
282.663991999812 379.152185999788 2
282.158846000209 377.099086000118 2
284.432273000013 372.623476999812 2
280.196934000123 375.145907999948 2
286.962050000206 381.40418299986 2
310.786869000178 347.103199000005 2
311.337789000012 346.479408999905 2
310.680124000181 341.763600999955 2
306.215865000151 342.121199000161 2
302.647224000189 334.363262999803 2
304.464583999943 337.528198999818 2
302.930536999833 338.498699000105 2
315.309626000002 339.280749999918 2
311.334650999866 345.365472000092 2
307.930645999964 339.443221000023 2
316.644803000148 331.834722000174 2
329.77025000006 340.136498000007 2
330.69882800011 335.393705999944 2
321.975273999851 338.384099000134 2
316.734904999845 330.654447999783 2
324.408317999914 332.823224999942 2
330.077132000122 333.456172999926 2
321.82465799991 338.670402999967 2
325.928280000109 340.108022000175 2
327.313602000009 336.05405799998 2
331.96966700023 340.252166000195 2
339.144123999868 341.612036999781 2
328.344622999895 337.307053999975 2
335.398107000161 336.816229999997 2
329.37205900019 339.833136000205 2
339.925007999875 341.027007000055 2
330.932599999942 334.75419700006 2
327.721384000033 334.934183999896 2
337.464132000227 329.19598999992 2
337.832541999873 338.690866000019 2
428.810889000073 499.729580000043 3
425.393627000041 493.410670000128 3
424.475703999866 500.755513000302 3
415.510985999834 491.603397000115 3
419.541222000029 490.648371000309 3
428.113410000224 492.412991000339 3
425.608328999951 488.619296000339 3
427.317301000003 498.1468410003 3
427.943053999916 498.07325399993 3
428.672300999984 496.934424000327 3
433.372045000084 502.141772999894 3
435.874388999771 501.390268000308 3
430.950474999845 491.318884999957 3
437.752884999849 492.625738000032 3
439.392155999783 502.221375999972 3
436.655656999908 496.187112000305 3
440.452285999898 491.369898000266 3
434.746292000171 501.172223000322 3
440.312845000066 493.24883500021 3
438.881428000052 495.655058000237 3
438.524873000104 493.75810000021 3
441.167762000114 491.661625999957 3
443.836159999948 496.010120999999 3
448.038234999869 500.792133000214 3
440.090555999894 493.597029000055 3
448.841490000021 492.925735000055 3
439.478817000054 497.346042000223 3
446.786419000011 499.043122000061 3
438.221760000102 494.281751000322 3
437.356751000043 502.442203999963 3
449.492473000195 492.53163299989 3
459.745124999899 489.286241000053 3
447.223060999997 501.440026999917 3
447.245114000048 487.333358000033 3
450.467995000072 496.733677000273 3
458.580765999854 489.658048000187 3
453.71749900002 491.682899000123 3
450.043326999992 500.339963000268 3
455.143877000082 496.32339300029 3
453.2182169999 496.382433000021 3
462.335330999922 490.786952999886 3
467.451291000005 492.437547000125 3
459.826137000229 496.025311000179 3
464.071967999917 493.899759000167 3
456.547443000134 497.955181000289 3
468.249412999954 486.334616000298 3
465.482481000014 484.134764000308 3
471.070791999809 483.665415999945 3
461.469093999825 496.853117000312 3
464.949471000116 498.282124000136 3
477.476850999985 487.796128000133 3
473.19994200021 481.32956700027 3
475.650100999977 481.682930999901 3
472.407899999991 490.043781999964 3
478.489666999783 484.528574000113 3
477.478930999991 490.609395000152 3
468.97280200012 490.981703000143 3
468.745244000107 487.238164000213 3
472.92670099996 486.226412999909 3
469.936017000116 481.785910000093 3
483.847126000095 475.061950000003 3
480.692332999781 478.47275400022 3
487.595226000063 475.968164999969 3
488.596621000208 468.429765000008 3
487.141553999856 472.961444000248 3
488.096462999936 473.145284000318 3
484.760805000085 472.528414000291 3
488.708178000059 479.04041399993 3
479.584040000103 466.580910000019 3
484.286896999925 468.517949000001 3
495.708829000127 468.662524000276 3
498.306367999874 463.256289000157 3
490.967838000041 466.609476000071 3
489.33916899981 474.366789000109 3
488.481294000056 461.520047999918 3
488.358967999928 461.594925000332 3
489.752803000156 472.862289000303 3
484.34510200005 472.196117000189 3
488.994771999773 460.876666999888 3
490.832779000048 468.55657200003 3
490.678313000128 455.870581999887 3
489.974518000148 462.944128000177 3
497.031692999881 462.044984000269 3
484.53761800006 457.245074999984 3
488.48476300016 452.290405000094 3
484.257629999891 461.404545000289 3
496.414187000133 461.387347000185 3
493.16295599984 454.375983000267 3
491.825439999811 454.194912000094 3
488.775708000176 463.2106949999 3
481.173328999896 443.654618000146 3
494.338107000105 439.560624999925 3
485.760642999783 452.174839999992 3
484.106364999898 445.605880000163 3
487.434642000124 442.638418999966 3
480.945791000035 443.996179000009 3
485.675890999846 444.819050000049 3
481.355332999956 449.149621000048 3
495.079679000191 451.061327999923 3
493.256802000105 441.983272999991 3
488.721293999813 434.025133000221 3
479.183360000141 430.097661999986 3
484.496737999842 434.698993999977 3
485.407277999911 439.268786000088 3
485.903371999972 432.775454000104 3
477.372338000219 438.229150000028 3
474.560936000198 440.252245000098 3
475.857702000067 432.993828000035 3
482.089610999916 444.30068500014 3
474.89568899991 432.706654000096 3
478.456371000037 430.672968000174 3
472.835409999825 425.344663999975 3
469.408571000211 431.490079999901 3
467.778229999822 430.893924999982 3
468.319089999888 423.78520500008 3
466.404827999882 430.545737999957 3
474.656531999819 436.512926999945 3
473.704237000085 434.295117999893 3
469.99489099998 422.807921000291 3
470.22989499988 431.990844999906 3
468.125308000017 427.692645000294 3
459.370287000202 434.228566000238 3
465.574583999813 427.847649999894 3
471.47603000002 424.857528999913 3
458.833753000014 423.569963000249 3
457.583232000005 431.679839000106 3
463.169875000138 428.454710999969 3
466.314158000052 427.3446630002 3
462.784620000049 433.005989999976 3
458.836068000179 426.326979000121 3
452.97005000012 423.382490000222 3
458.167239000089 418.44309400022 3
453.854613000061 421.438537000213 3
457.294453000184 421.76099300012 3
457.539230000228 421.425176999997 3
456.41126499977 425.433713000268 3
455.357557999901 424.094777000137 3
450.902567999903 415.553141000215 3
458.018389000092 418.812316999771 3
455.648783999961 422.940563000273 3
440.518015000038 417.753004999831 3
438.012492000125 412.980132000055 3
447.59070800012 422.962691000197 3
438.595366000198 419.423899000045 3
451.007958999835 415.56221299991 3
447.837811000179 423.666684000287 3
439.242604000028 423.527970999945 3
440.404937000014 418.397346999962 3
440.028320999816 416.051675000228 3
447.287671000231 417.663943999913 3
438.35898800008 414.573799000122 3
426.627871000208 416.068214000203 3
426.516830000095 414.542373000178 3
428.430649999995 416.653237999883 3
436.461378000211 416.150005999953 3
440.34707200015 419.265943999868 3
427.584884000011 408.791635999922 3
439.871456000023 407.839774999768 3
429.444986999966 412.304796000011 3
430.937460999936 405.849741999991 3
428.969322999939 415.703420999926 3
423.408722999971 406.841905999929 3
419.644838000182 405.488836999983 3
427.421575000044 403.303555000108 3
428.579102999996 410.244613000192 3
428.30893300008 401.526786999777 3
424.206778999884 408.167326000053 3
424.488547000103 411.169675999787 3
420.753368000034 409.300112999976 3
421.141454000026 403.093392999843 3
422.575889000203 395.963992000092 3
415.008001000155 394.48915300006 3
423.418938000221 402.424097000156 3
420.429361999966 398.279748000205 3
427.444771000184 400.071800000034 3
414.952022999991 393.633016000036 3
421.983272000216 390.16661400022 3
413.9837460001 393.733527000062 3
426.244646999985 394.742223000154 3
418.182521000039 399.909256999847 3
420.358260999899 375.894729999825 3
427.869353999849 388.467025999911 3
428.307055000216 382.592672999948 3
419.557771999855 382.19579999987 3
428.50125099998 388.969442999922 3
418.244741000235 379.359017999843 3
417.434104999993 376.864184000064 3
419.457435000222 387.456309999805 3
428.179967000149 386.792590999976 3
417.430131000001 385.002572000027 3
422.263489999808 372.909155999776 3
423.511117999908 364.854987000115 3
426.30204299977 373.600267999806 3
425.074638000224 369.74961300008 3
419.22969500022 367.148517999798 3
425.448702000082 367.063457999844 3
427.935936000198 376.258545000106 3
421.599621000234 378.26745699998 3
429.803634000011 379.078275000211 3
428.726489999797 366.422532000113 3
429.293459999841 370.441796000116 3
422.024081000127 365.716256999876 3
422.080856999848 360.452484999783 3
434.971530999988 367.278249000199 3
436.256130999885 362.242738000117 3
424.723292000126 369.823642999865 3
432.911468999926 362.537899000105 3
427.971251000185 357.049992000218 3
434.024201000109 357.875876000151 3
436.15306300018 369.883030999918 3
440.152916000225 351.768310000189 3
436.668070000131 360.135976000223 3
430.671628000215 355.613342000172 3
434.786071000155 355.149490999989 3
435.98977799993 360.07734999992 3
442.275245999917 353.242513000034 3
439.905375999864 348.219847000204 3
444.840218999889 354.630938000046 3
433.893869999796 358.638927000109 3
430.86381699983 354.284175999928 3
442.700879999902 346.138824999798 3
446.513323000167 354.673012999818 3
439.407722999807 357.137496000156 3
446.086984000169 352.812396999914 3
444.458507999778 354.214385000058 3
448.701793000102 351.475484000053 3
438.790421000216 347.653041000012 3
449.342588 357.475145000033 3
445.903801999986 355.878285000101 3
437.50270299986 349.007557000034 3
450.747810999863 344.582192999776 3
452.843367999885 344.103289999999 3
454.279118999839 344.040136000142 3
444.908001999836 347.374592000153 3
453.119206999894 343.011994999833 3
453.410854999907 336.931435000151 3
445.570268999785 341.626203999855 3
455.76273200009 344.204905999824 3
453.301330999937 346.165316000115 3
443.662442000117 343.893095999956 3
450.592554000206 341.27203800017 3
451.640319999773 344.317819000222 3
457.559148000088 338.631022999994 3
460.726425000001 345.278055999894 3
451.824684000108 341.867209000047 3
452.238888000138 331.685310000088 3
452.757952000014 338.266270000022 3
455.351141999941 333.413383999839 3
448.535099999979 332.97164299991 3
455.475157999899 341.506680000108 3
460.855047000106 338.930375999771 3
457.078596000094 330.556702999864 3
453.813031000085 332.122059999965 3
454.459245000035 335.722775999922 3
463.812841000035 332.088324999902 3
454.220263000112 336.861219000071 3
453.876569999848 335.621797999833 3
464.133146000095 340.191471000202 3
463.772503000218 333.303650999907 3
465.428991000168 337.623219000176 3
468.293345999904 323.258880999871 3
461.778946999926 325.126213999931 3
459.180929000024 325.846413000021 3
462.312686999794 332.107357000001 3
470.991812000051 323.379896999802 3
465.851267999969 322.656903000083 3
460.669528000057 324.675607999787 3
466.893639000133 330.128490000032 3
468.453945999965 327.243917000014 3
470.58936699992 324.017206999939 3
472.794015999883 326.346493000165 3
462.414896000177 327.932380000129 3
472.940739999991 320.993077000137 3
466.85614300007 329.479348999914 3
470.819778999779 326.629040999804 3
468.017585999798 319.480458999984 3
474.199337000027 325.671914999839 3
473.76885400014 317.551202999894 3
461.43383899983 317.940142000094 3
468.314850000199 324.931464999914 3
423.049947000109 461.602417000104 4
415.882664999925 462.230109999888 4
422.901542000007 463.280180000234 4
424.773157000076 461.591086000204 4
425.97969100019 463.723321999889 4
417.142891000025 458.040789000224 4
426.111376000103 451.80352600012 4
414.850494000129 454.950883999933 4
424.364312000107 456.30208500009 4
414.640132000204 459.097361000255 4
421.098943999968 465.900079000276 4
415.243125999812 460.873907000292 4
426.502336000092 463.425848000217 4
419.553964000195 461.354702000041 4
420.256450999994 462.199783000164 4
426.286921999883 453.050778999925 4
418.101619999856 455.696752000134 4
418.435087999795 457.909536000341 4
426.986647000071 459.493770000059 4
422.758165999781 452.658585000318 4
429.253837999888 454.370699000079 4
426.566916000098 466.358785000164 4
426.117418999784 457.360111000016 4
423.799103000201 465.722519000061 4
419.570911000017 454.25428700028 4
425.907724000048 465.343441000208 4
415.338547000196 462.592960000038 4
425.639667000156 463.009326000232 4
418.12036800012 464.431340000127 4
421.191784000024 464.121416999958 4
466.573479000013 388.56095399987 5
473.242182999849 388.505501999985 5
477.989756000228 380.362852999941 5
468.493040999863 382.565651000012 5
478.035753999837 383.804427000228 5
465.900979999918 382.578755999915 5
467.047054000199 376.6596789998 5
465.586457999889 376.740127999801 5
466.30907699978 384.941691999789 5
466.533137999941 388.636098000221 5
475.669772000052 382.141518999822 5
479.811947000213 376.880171000026 5
474.566833000164 384.886010999791 5
468.031305999961 380.62018099986 5
478.953275999986 386.168779000174 5
477.305238999892 376.998159999959 5
472.392535000108 376.989792999811 5
479.798206999898 378.12027399987 5
470.961451000068 377.676510000136 5
466.5645750002 389.006446000189 5
468.762294999789 378.853031999897 5
477.20013799984 386.128392999992 5
477.790004000068 389.397962999996 5
472.586430999916 381.000587000046 5
467.618739999831 378.265711000189 5
468.390726000071 390.262949999887 5
474.892611999996 383.943504999857 5
479.888063999824 382.734370000195 5
470.796721999999 382.858122000005 5
469.433087000158 382.949008000083 5
473.588192000054 379.197623000015 5
470.089219999965 388.71069200011 5
479.300497000106 386.932823999785 5
478.489159000106 378.533429000061 5
475.063924999908 388.783824999817 5
465.624900999945 377.243751999922 5
477.853277999908 386.701561999973 5
478.867014999967 376.112596000079 5
466.944978000131 389.898415999953 5
475.431175000034 381.42365900008 5
397.510631000157 318.779397999868 6
393.182192000095 311.378210000228 6
405.59302699985 313.85961999977 6
400.207744999789 314.678629000206 6
399.142376000062 319.893732000142 6
395.942474999931 312.430680999998 6
403.492874000221 311.391166999936 6
403.187113999855 312.641197999939 6
394.807862999849 315.297671999782 6
399.650669999886 318.326419000048 6
398.619932999834 309.981873000041 6
406.447836000007 313.045142000075 6
394.85633599991 306.184570999816 6
406.718776999973 314.228234999813 6
396.452070999891 309.648914000019 6
402.186852000188 312.914503999986 6
398.009571999777 306.306824999861 6
394.72197900014 300.856654000003 6
401.503841000143 306.34066199977 6
394.375514999963 301.732228000183 6
408.25665100012 307.194850999862 6
404.499704999849 310.703956000041 6
398.461693999823 300.209472000133 6
397.59167600004 302.597422000021 6
411.33420599997 303.615460999776 6
409.380115000065 301.257648999803 6
411.549291000236 307.317329999991 6
400.192313999869 299.548905999865 6
408.531942000147 309.208424000069 6
406.719988000114 301.970383999869 6
410.583399999887 302.046819999814 6
404.96436699992 312.242717999965 6
401.784442000091 305.12842199998 6
410.006078999955 310.366615999956 6
401.597389000002 313.42785899993 6
414.056191000156 310.538738999981 6
407.827461000066 315.803555000108 6
414.649985000025 304.695712000132 6
408.976344999857 302.572995000053 6
402.320390000008 303.321086000185 6
388.082185000181 312.699907000177 6
389.509529999923 308.985661000013 6
384.867300000042 306.26948300004 6
390.55796500016 307.401546000037 6
398.799327000044 310.043293000199 6
387.063124000095 315.284988000058 6
385.934568000026 303.611659999937 6
387.964254000224 307.235400999896 6
388.047687000129 312.992616999894 6
389.964410000015 314.521449999884 6
386.692520000041 295.829528000206 6
394.290382000152 296.759353000205 6
385.995306999888 309.215948000085 6
397.548890999984 306.051862000022 6
398.91705300007 301.137899999972 6
398.024985000025 294.545830999967 6
390.556464000139 299.987350000069 6
395.581344999839 307.565301999915 6
387.356068000197 306.987933999859 6
388.168403000105 308.765101999976 6
397.505044000223 306.712673999835 6
395.604325999971 299.74879400013 6
402.714682000224 300.474165999796 6
406.542411999777 297.360909999814 6
397.990000999998 293.174902999774 6
403.867875999771 305.508750000037 6
398.770523999818 304.696136999875 6
399.030168999918 301.416486999951 6
402.828209000174 300.463953999802 6
399.719417999964 296.280708000064 6
406.255197000224 297.83671199996 6
410.982671999838 293.501579999924 6
406.042142999824 304.310072000138 6
398.845921 301.682546999771 6
399.413953000214 302.254333000164 6
399.175451999996 304.443797000218 6
410.2477330002 296.46242700005 6
408.364271000028 296.781977000181 6
410.001900999807 296.184016000014 6
398.705327000003 298.27604399994 6
364.387544000056 443.955205000006 -1
379.862741999794 467.835111000109 -1
370.757472000085 513.521511000581 -1
416.86848400021 524.035082000308 -1
311.539015999995 523.082759000361 -1
284.837520000059 487.712935999967 -1
265.537488000002 517.137047000229 -1
265.406068000011 467.304047000129 -1
331.243737000041 503.141515000258 -1
393.481540999841 431.555767999962 -1
455.248877999838 465.751176000107 -1
433.485898999963 440.123194000218 -1
341.20297600003 430.338018999901 -1
361.197627000045 414.171761000063 -1
392.739544999786 411.681011000182 -1
362.739223000128 364.252307000104 -1
380.037742000073 395.467621999793 -1
400.507069000043 365.464221000206 -1
377.944128999952 336.997504000086 -1
416.090559999924 338.672298000194 -1
444.825889000203 307.228933999781 -1
493.477363000158 300.292936999816 -1
450.57735500019 285.058660999872 -1
487.091688999906 274.915289999917 -1
428.451733000111 271.475777999964 -1
353.462441999931 268.77300899988 -1
332.63990199985 300.980235999916 -1
294.568130999804 269.832191000227 -1
286.768153000157 309.40664099995 -1
254.155410999898 273.011171999853 -1
255.736754999962 383.043938999996 -1
255.578135000076 321.797772999853 -1
269.571206999943 291.691631999798 -1
318.953784000129 371.279631999787 -1
322.208068999927 419.043138000183 -1
302.684162000194 410.35325299995 -1
339.387234999798 367.536927999929 -1
297.637213999871 384.627384999767 -1
311.072525999974 393.566060000099 -1
377.536865999922 377.286367000081 -1
417.072476999834 433.68673299998 -1
396.357729999814 452.929053000174 -1
399.783197000157 485.216498000082 -1
362.771583000198 492.148952000309 -1
308.225172999781 492.362728999928 -1
286.942470000125 516.371205000207 -1
264.795897000004 498.772009999957 -1
454.217315000016 522.212020000443 -1
485.410180000123 522.141029000282 -1
515.508918000385 520.376193000004 -1
515.950048999861 493.279626999982 -1
517.4182099998 456.858341000043 -1
517.196076000109 419.766627999954 -1
519.392636000179 382.963473000098 -1
517.66203899961 356.089052000083 -1
520.467551999725 314.412516000215 -1
518.004772000015 280.905362999998 -1
499.387498000171 337.548436000012 -1
478.931082000025 356.823363000061 -1
497.154240000062 415.408559999894 -1
497.773620999884 377.833358000033 -1
445.298427000176 391.178739000112 -1
470.157571999822 409.287219999824 -1
357.421777000185 314.294974999968 -1
384.430027999915 277.063980999868 -1
268.806625999976 337.208126999903 -1
258.773949999828 431.312564000022 -1