-6.1698 2.2449 1
-2.6453 6.9494 1
-4.9691 4.9966 1
-3.0064 6.868 1
-4.3216 -3.2774 1
-0.45173 -4.763 1
2.2952 1.3859 1
-2.5657 7.1216 1
-2.3846 7.1456 1
-3.6913 6.332 1
-5.153 -2.4078 1
-1.3853 7.5652 1
1.8265 1.6745 1
3.1154 0.26274 1
-5.778 -1.4073 1
-2.4125 7.1112 1
2.5649 -3.0943 1
0.67043 -4.389 1
-0.79545 7.7774 1
-0.44995 -4.6329 1
-6.1132 1.9711 1
-6.1505 2.1439 1
-5.5912 -1.9206 1
-6.2993 1.4634 1
-1.3839 7.7193 1
-5.9906 2.6321 1
3.4322 -0.6101 1
-5.3034 -2.3233 1
-0.65154 -4.7226 1
-6.1521 0.39326 1
-3.8776 -3.7479 1
-6.3132 1.3069 1
0.93691 -4.4268 1
-0.35854 7.9465 1
-0.78787 -4.6477 1
-2.1887 7.3713 1
-0.74915 7.7361 1
-6.2274 0.0082439 1
-1.7182 7.5466 1
2.8764 -2.5084 1
2.0636 -3.6648 1
-4.6502 5.4532 1
2.7572 1.1565 1
2.5495 1.2955 1
3.2146 -0.17538 1
-6.2863 0.82606 1
-5.3056 4.401 1
-6.061 -0.26088 1
-5.2331 -2.2809 1
-2.6057 -4.3723 1
-5.6997 -1.5265 1
-0.87514 -4.7666 1
-6.1727 0.38501 1
2.5422 -3.008 1
-4.1156 5.9038 1
-2.0388 7.4532 1
3.4408 -0.76035 1
-5.2475 -2.2421 1
-5.5362 4.12 1
-1.4176 7.7016 1
2.4145 -3.3185 1
2.9195 -2.5891 1
-4.3937 -3.3767 1
1.7697 1.7792 1
-2.1413 -4.4583 1
-2.3857 -4.3793 1
-2.3096 7.314 1
-0.63063 -4.7641 1
-1.9559 -4.6505 1
-6.2077 0.76146 1
-5.1073 -2.3705 1
-5.8922 -1.2146 1
-3.1161 -4.1828 1
2.18 1.5453 1
-2.1073 7.4124 1
3.2978 -1.6224 1
1.2467 -4.2636 1
-3.2396 -4.0549 1
-5.7833 3.4376 1
-5.1881 -2.2561 1
0.60866 -4.403 1
2.178 -3.671 1
-1.998 -4.5224 1
-0.27819 -4.676 1
-6.1715 1.2513 1
-2.7158 7.0806 1
2.8426 -2.5933 1
-5.9742 -0.66186 1
-0.7476 7.7348 1
2.1055 1.7288 1
-5.8099 3.4073 1
-6.2355 0.50701 1
3.0143 -2.3951 1
-1.5247 7.5515 1
1.8699 -3.7282 1
-4.9572 4.9802 1
-4.3967 5.6445 1
3.3057 -1.5753 1
-4.8397 5.0022 1
-5.0865 -2.5794 1
3.3492 -1.7359 1
2.8991 -2.6453 1
-3.9605 -3.5645 1
1.5611 1.8471 1
3.3819 0.011511 1
0.16344 7.931 1
-1.5348 -4.6219 1
-3.9732 -3.56 1
-1.3544 -4.715 1
3.0456 -2.5702 1
-4.9667 -2.6651 1
-0.10006 7.8403 1
-6.1917 0.36259 1
-3.9011 6.0356 1
-0.90232 -4.6295 1
3.021 -2.4461 1
-6.076 -0.34853 1
3.214 0.30889 1
2.6117 1.3262 1
-0.83203 -4.6298 1
-6.2157 1.6625 1
-5.8382 3.1314 1
-6.1839 1.805 1
-2.8905 7.0309 1
0.14707 -4.5635 1
1.4356 -4.1191 1
-5.19 -2.3845 1
-5.1262 4.6174 1
2.3806 -3.4144 1
-5.8711 3.4416 1
-6.1608 -0.093702 1
0.21929 -4.5793 1
-1.1652 -4.7321 1
-3.9254 6.228 1
-3.7933 -3.8204 1
-1.6515 -4.5556 1
-5.9038 -0.9972 1
-6.2008 0.83282 1
1.6254 -3.9999 1
-5.6922 3.7521 1
-1.4298 7.5338 1
-2.7265 6.8836 1
-3.3159 6.6052 1
1.7764 -3.8709 1
1.0788 -4.3696 1
3.365 -0.99269 1
-3.9803 -3.6076 1
-4.9048 5.0547 1
-3.8898 6.2905 1
-1.4511 7.5179 1
-5.4893 -1.7314 1
3.3652 -1.1164 1
-0.98328 -4.6799 1
2.2731 1.5816 1
3.0047 0.36568 1
-3.2663 -4.1672 1
1.4962 1.8261 1
3.2998 -1.8415 1
-6.094 -0.34383 1
-5.5513 4.1196 1
-6.1505 1.898 1
1.2574 -4.2461 1
-5.8598 -1.3176 1
-1.2144 7.7601 1
-3.7141 6.3007 1
-5.3108 -2.3238 1
-5.8959 3.1082 1
-4.6705 -3.115 1
-5.3752 -2.1539 1
-2.2387 7.2425 1
-5.9466 3.3294 1
-5.851 -1.2134 1
2.6023 1.2032 1
-2.72 -4.3814 1
-3.4958 -3.9466 1
-0.93825 -4.7496 1
-4.1957 -3.5278 1
1.2663 -4.2248 1
3.2018 -2.1513 1
-3.4006 -4.1237 1
-2.171 7.313 1
-4.5383 5.4181 1
-4.0748 -3.5052 1
0.085267 -4.7325 1
2.4304 1.2277 1
-2.9598 6.8878 1
-6.1139 2.1374 1
-1.4481 7.5303 1
-4.8102 5.1402 1
-5.8818 3.5197 1
3.3688 -1.2538 1
-5.1811 4.6182 1
3.2674 -1.4453 1
-1.4325 -4.6638 1
3.3017 -0.12231 1
-2.1011 -4.5904 1
-4.0724 6.0534 1
-4.7317 5.2959 1
-5.4326 4.3945 1
-6.1893 2.2533 1
-2.2982 7.2706 1
3.0265 -2.3502 1
-3.7599 -3.904 1
-5.6157 3.99 1
-3.724 -3.84 1
-5.6048 3.8756 1
2.8111 -2.852 1
-0.80854 7.7524 1
-0.89907 7.8053 1
-6.0955 2.1419 1
-2.3342 -4.4729 1
-1.0081 -4.7688 1
-6.0881 2.6516 1
-1.6014 7.5111 1
-2.5625 -4.4832 1
-4.4079 -3.2629 1
-6.151 -0.31588 1
-5.9188 3.2525 1
-1.1186 -4.7033 1
-2.5774 -4.4689 1
-0.45431 -4.7551 1
-4.6819 5.3644 1
-0.77646 -4.7392 1
-4.583 5.6029 1
-4.9591 5.0709 1
3.3449 -1.0402 1
2.8335 -2.7907 1
-0.5272 -4.6913 1
-3.6065 6.3909 1
0.72579 -4.3608 1
2.8243 1.0215 1
-5.1695 4.6522 1
0.98626 -4.3009 1
-2.9066 6.8253 1
0.039289 7.8544 1
-4.4984 -3.1992 1
0.20231 -4.548 1
3.3438 -0.065579 1
-4.5904 -3.0627 1
-2.0359 -4.4939 1
-1.9076 -4.5294 1
-6.2583 0.89337 1
-6.1533 2.2783 1
2.5585 1.1847 1
-5.8076 3.3952 1
-4.1019 -3.4957 1
-6.303 1.606 1
-1.022 -4.8092 1
-3.0028 -4.3178 1
-6.1773 2.0103 1
-5.697 -1.4977 1
-6.1036 0.13014 1
-5.3868 4.384 1
-2.8206 -4.2493 1
-5.8641 3.2251 1
-0.57206 7.8735 1
-1.687 -4.6287 1
2.7958 0.98318 1
-4.4925 -3.149 1
-2.4689 -4.4222 1
-5.4706 -2.0264 1
-3.4792 6.6521 1
2.0998 -3.7863 1
-0.08993 -4.575 1
1.5086 1.9064 1
-6.0624 2.3474 1
-5.9216 3.1475 1
-2.0402 -4.5406 1
-1.5541 7.4392 1
-4.3069 -3.5199 1
-0.19346 -4.6784 1
-6.2463 0.82607 1
1.9587 -3.6271 1
-3.8419 6.3257 1
-5.8543 3.1637 1
-3.6623 -3.8544 1
-4.9279 -2.7225 1
2.452 1.2546 1
-4.961 -2.7089 1
-3.3635 6.6231 1
-1.7314 -4.6645 1
-2.1333 7.4257 1
-3.6074 -3.8437 1
-4.2607 -3.33 1
-5.9917 2.8099 1
-0.95921 -4.7305 1
-1.4213 7.625 1
-2.5912 -4.4147 1
1.2211 1.9544 1
3.1921 0.26394 1
2.9753 -2.3685 1
-6.181 2.5176 1
1.9384 -3.7714 1
-0.74784 7.7964 1
3.3864 -0.72418 1
0.34031 -4.4723 1
3.3078 -1.8496 1
-0.49715 7.8825 1
-0.83413 -4.7821 1
-2.8652 6.9821 1
-4.6518 5.3171 1
3.3604 -0.73416 1
-5.9145 -1.1117 1
-6.2117 1.0877 1
-5.8441 -1.089 1
-1.7505 7.5096 1
2.3767 1.3365 1
3.2739 -1.9942 1
2.8171 -2.8902 1
-6.1911 2.5085 1
-6.2916 1.5628 1
3.2681 -1.2102 1
-6.0338 -0.08985 1
-1.6683 -4.601 1
0.096065 -4.5557 1
-2.7946 6.8945 1
1.1918 -4.2068 1
3.4074 -0.2537 1
-5.9936 2.7372 1
-4.9291 5.1042 1
-2.4852 -4.4388 1
-1.7567 -4.6021 1
-4.6514 -3.0039 1
-1.0551 7.6402 1
-1.6229 7.5916 1
3.1767 -2.1681 1
-2.4498 -4.5642 1
-4.7123 -2.9139 1
-5.69 3.6948 1
3.2183 -0.028644 1
2.8023 1.0581 1
3.4585 -0.50888 1
2.0868 -3.7497 1
-4.4788 5.4788 1
3.3178 -0.50115 1
-3.317 -4.1684 1
-1.0013 -4.7458 1
-0.95184 -4.6885 1
-0.25688 -4.6315 1
-1.5891 7.565 1
-5.7677 3.7102 1
-1.0834 -4.6134 1
3.1957 -2.1511 1
-0.018241 -4.6831 1
-5.9338 2.837 1
-5.9907 -0.5755 1
-4.7271 5.3952 1
-2.897 -4.2621 1
0.47157 -4.5755 1
-6.2341 2.1326 1
-4.4388 -3.1694 1
-2.6483 7.1807 1
-5.726 -1.4455 1
-6.1568 -0.40491 1
2.2571 -3.3413 1
-4.0679 6.0436 1
-2.1194 7.3201 1
-3.3799 6.5573 1
-4.197 5.8339 1
3.0276 -2.2194 1
-3.9462 -3.6179 1
-5.2039 4.7859 1
-4.6198 5.4341 1
2.8861 0.76578 1
-3.0231 6.9319 1
2.8218 -2.8335 1
-2.8724 -4.2436 1
-3.9295 6.1823 1
2.3698 -3.4424 1
-4.1927 6.0031 1
-6.2545 1.9851 1
2.8982 -2.606 1
-6.2413 0.23513 1
-6.27 0.9425 1
-0.53161 7.9212 1
-4.7209 -3.0555 1
-6.0107 2.463 1
0.93173 -4.4139 1
-6.1823 1.3601 1
2.2714 -3.5054 1
-1.0324 7.741 1
-0.58375 7.8081 1
1.6579 -3.8829 1
2.9001 -2.4986 1
-5.674 -1.5775 1
-4.9496 -2.659 1
2.9873 0.69848 1
-4.3279 -3.3906 1
-1.3433 7.5808 1
-2.1915 -4.5722 1
-6.0963 0.13299 1
-2.353 7.2748 1
-5.7501 -1.5378 1
-3.885 -3.7594 1
-6.2901 0.44681 1
3.214 -2.0341 1
2.9397 0.65879 1
-5.5431 -1.8092 1
-6.1994 1.6203 1
-3.1293 6.7009 1
-6.2386 1.1145 1
-5.9896 -0.75084 1
-5.4608 4.4609 1
3.3977 -0.21849 1
2.1834 1.5013 1
2.152 -3.6281 1
-5.5111 -1.9358 1
3.2567 -1.7672 1
-6.1302 2.5927 1
-2.5059 7.1524 1
1.8789 -3.8147 1
3.3049 -1.0396 1
-4.602 -2.994 1
0.95192 -4.3575 1
-5.6499 3.798 1
-1.282 -4.756 1
-5.5084 4.3503 1
-0.066337 -4.5797 1
-2.1589 7.3053 1
2.8958 -2.7035 1
-5.8562 3.418 1
3.4431 -0.58257 1
-0.10927 8.0172 1
-5.9605 -0.4692 1
3.163 0.33222 1
-5.0862 4.8213 1
2.5286 1.2403 1
-1.4342 7.6504 1
-2.154 7.3785 1
-2.8986 -4.3834 1
-1.1953 -4.7598 1
-1.8133 7.4006 1
3.36 -0.72114 1
-4.0791 6.0075 1
-4.2142 -3.3836 1
0.15949 -4.6017 1
3.3754 -0.57769 1
3.4287 -1.356 1
3.3247 -1.1705 1
-3.6661 -3.7816 1
2.6744 1.1078 1
0.84009 -4.392 1
-3.3009 6.7279 1
-0.31977 7.9051 1
-4.5216 -3.1992 1
-0.35988 7.8863 1
-6.2713 1.3644 1
-6.0192 3.1203 1
-2.8101 6.9533 1
3.2133 -2.1276 1
0.21598 -4.559 1
-3.3028 6.6126 1
-2.2697 -4.4433 1
-5.4596 4.3848 1
-3.4816 6.5494 1
-1.0561 -4.7111 1
-0.13969 -4.7505 1
-3.3508 -3.9635 1
-3.6234 6.4307 1
1.4755 1.8387 1
-5.8838 -1.1636 1
-5.0427 4.8941 1
-3.5563 -3.9513 1
-0.48457 -4.7643 1
-2.276 7.3625 1
-0.96562 7.6426 1
-4.0564 6.0772 1
-4.5298 -3.2606 1
-5.9273 -1.0439 1
-2.6546 7.0087 1
2.1218 -3.5138 1
-5.5363 4.0746 1
-3.1884 -4.1543 1
-4.8921 5.1039 1
-6.196 2.0557 1
-3.8481 6.3307 1
-4.3378 5.7294 1
-5.0208 -2.7846 1
-5.8965 -1.0851 1
3.3137 -0.024915 1
3.3837 -0.22876 1
-4.6846 -3.0497 1
3.0696 -2.3043 1
-5.9582 3.1293 1
3.381 -0.70216 1
-5.7995 3.5909 1
0.42013 -4.4989 1
-6.2479 1.7108 1
-6.2452 1.1284 1
-3.4988 -4.0339 1
-1.2256 7.593 1
0.80094 1.9646 1
-5.5097 4.2706 1
-6.011 -0.44955 1
1.0144 -4.2568 1
1.7542 -3.8924 1
-5.514 -1.7172 1
-5.7481 3.6795 1
3.3633 -0.26338 1
-0.41615 7.7809 1
-2.7292 2.678 2
6.427 -1.5571 2
5.6794 1.9406 2
0.92956 -7.5603 2
5.5607 -4.2163 2
-0.381 4.6635 2
6.3861 -2.1147 2
-2.2577 3.5306 2
-2.1152 -1.2694 2
3.1563 -6.6707 2
-2.2423 3.3811 2
4.6982 -5.4378 2
-3.1782 0.9924 2
-0.1891 4.7885 2
-1.9537 3.854 2
3.3027 -6.5269 2
3.8727 4.129 2
6.5243 -0.31321 2
6.1538 -2.9673 2
2.4911 4.6972 2
2.0123 -7.1532 2
5.5601 -4.3073 2
3.3382 4.4703 2
-2.189 3.5106 2
6.1891 1.02 2
-1.1432 4.3208 2
5.0395 2.8845 2
6.3222 -2.5084 2
0.80556 -7.6111 2
-1.3839 -1.5559 2
3.9052 -6.2384 2
6.0627 -2.9543 2
4.5834 -5.5003 2
5.5657 2.2871 2
4.7444 -5.3809 2
6.3834 -2.2209 2
6.3097 0.46719 2
5.9742 1.3019 2
-3.0716 2.026 2
5.8631 1.5587 2
1.6789 4.9181 2
5.1373 2.9149 2
2.0008 -7.2334 2
1.3575 -7.4904 2
6.4563 -0.7725 2
2.707 4.5995 2
4.5101 -5.5125 2
5.963 1.4898 2
-0.33966 4.7476 2
5.2664 -4.7287 2
1.3812 -7.437 2
4.5617 -5.4559 2
5.587 -4.3219 2
3.0474 -6.7959 2
6.5192 -0.63595 2
6.1111 0.81528 2
-1.8965 3.899 2
5.7883 2.0388 2
2.9268 4.5453 2
6.2632 -2.7394 2
6.4489 -0.2652 2
6.4614 -1.1897 2
0.096154 4.8726 2
6.3421 -1.5528 2
5.8443 1.6615 2
6.4979 -0.40846 2
5.0686 -5.0257 2
6.3139 -1.9026 2
6.0893 -2.8633 2
-1.6164 -1.4629 2
2.5612 -7.0908 2
3.1338 -6.8139 2
1.8996 4.8209 2
4.9691 3.2237 2
2.2112 -7.2106 2
6.4475 -0.66118 2
1.7005 4.9799 2
1.5638 -7.4116 2
2.3391 -7.1162 2
6.209 0.51713 2
5.1163 2.784 2
1.4049 -7.4508 2
-2.8691 2.5268 2
6.4108 -0.012729 2
-1.7573 3.7635 2
-3.2408 1.3344 2
-3.1559 1.8975 2
1.9652 -7.2147 2
-3.159 0.98852 2
6.3528 -1.7104 2
4.8506 3.0983 2
-2.7115 -0.68904 2
0.68375 -7.616 2
6.4043 -2.163 2
6.4885 -0.88946 2
5.7026 -3.8504 2
1.0582 -7.5153 2
3.2273 -6.6599 2
3.1174 4.3946 2
3.0125 4.4683 2
6.3448 -0.13963 2
3.6491 -6.4201 2
-2.1277 3.6382 2
6.4675 -1.8384 2
4.1719 3.9544 2
4.6025 3.3786 2
4.0099 -5.9592 2
1.8536 -7.2324 2
5.7609 -3.705 2
6.3335 -1.442 2
6.4775 -0.7453 2
6.3857 -1.8588 2
-1.6809 3.8924 2
0.70171 -7.7085 2
5.2946 2.7231 2
4.9089 3.2015 2
5.9017 -3.3883 2
-2.2728 -1.1649 2
2.9752 4.6285 2
1.6232 4.9563 2
-1.0096 4.5489 2
2.0346 -7.241 2
6.3326 0.76215 2
2.7749 -6.8243 2
-1.8511 3.8155 2
4.4025 3.7079 2
4.8452 -5.2712 2
-2.8393 -0.62294 2
0.78812 -7.6084 2
2.3085 -7.0831 2
6.3191 -1.9666 2
6.3994 -0.45463 2
4.981 -4.9138 2
-2.2605 3.4586 2
0.72022 4.9324 2
-3.1875 0.31121 2
-3.2375 0.98241 2
5.4447 -4.5013 2
-2.9895 1.8525 2
5.9411 1.4263 2
-0.9885 4.304 2
2.952 4.6063 2
2.4579 4.8084 2
-2.1874 3.4713 2
-1.3382 4.2388 2
3.6935 4.3011 2
-3.251 1.4542 2
6.4796 -0.50248 2
-1.229 4.3682 2
1.6418 -7.4958 2
3.6038 -6.3414 2
-1.9447 3.6858 2
6.2058 -2.6473 2
1.3316 -7.5185 2
-3.126 0.82747 2
6.3842 -0.47861 2
-2.4151 3.2334 2
0.20408 -7.6577 2
0.62293 -7.716 2
3.2961 -6.4948 2
5.1814 2.8042 2
5.5743 2.2513 2
4.884 3.1278 2
2.0676 -7.1324 2
-2.6794 -0.68037 2
-2.9712 1.946 2
-1.2844 4.2258 2
2.5864 -6.9903 2
-3.19 1.3984 2
-2.0651 3.7256 2
2.7585 4.6294 2
5.3795 2.6451 2
6.0866 -3.357 2
4.0195 3.9389 2
3.1471 -6.5994 2
2.9439 4.4323 2
5.6417 -4.1828 2
-1.1651 -1.687 2
5.4889 2.552 2
1.8462 -7.352 2
5.2399 -4.6065 2
4.7348 -5.3232 2
6.4429 -0.42937 2
0.33706 -7.6951 2
3.3616 -6.5868 2
-2.4246 -0.99087 2
1.3711 4.8442 2
-2.7516 -0.67637 2
6.4497 -1.6127 2
6.3287 -2.4924 2
6.2181 0.61233 2
-1.9148 -1.4401 2
0.32903 4.8322 2
-1.0486 4.3948 2
1.8637 4.9261 2
5.946 1.6416 2
5.9782 -3.4719 2
4.3689 -5.8339 2
4.8701 -5.1862 2
-1.9648 3.7916 2
6.1463 -2.6648 2
2.493 -7.0228 2
5.8529 2.0451 2
0.14263 -7.7574 2
6.4427 -1.9957 2
4.5157 -5.6445 2
-2.8233 2.3889 2
1.4919 -7.3597 2
3.8798 4.0237 2
6.3055 -2.2512 2
-0.96533 4.3773 2
-2.9724 2.2722 2
0.0019711 4.8861 2
-2.8551 2.768 2
-2.533 3.1856 2
5.7456 2.1583 2
5.3981 2.519 2
5.5995 -4.2579 2
6.4312 -0.52667 2
2.4774 4.6862 2
4.7547 3.3431 2
-2.5939 -0.73218 2
1.2141 4.8501 2
1.6696 4.8471 2
-3.1081 0.27703 2
5.6124 2.4343 2
1.4382 4.9434 2
5.6154 2.4123 2
-2.1319 3.6001 2
4.9249 -5.107 2
0.050994 -7.7024 2
6.3555 -1.6063 2
-3.0791 2.1865 2
2.3547 4.7075 2
3.9816 -6.1968 2
1.0873 -7.5274 2
-2.6644 2.9582 2
2.0233 4.8139 2
-3.0489 2.1468 2
6.1675 1.2331 2
4.0886 3.9927 2
6.3816 -2.3946 2
6.3489 -2.3115 2
6.5316 -1.2236 2
1.9039 4.756 2
4.0596 3.8607 2
0.87403 4.8702 2
-3.1811 1.6199 2
-3.0779 0.47123 2
6.2672 -2.6707 2
6.0261 -3.0643 2
2.4272 -7.1491 2
-0.72962 4.6564 2
3.0473 4.4605 2
-1.992 3.6569 2
2.8542 -6.7082 2
1.9688 4.7551 2
4.8398 3.2717 2
6.5377 -0.83165 2
-2.7013 2.9882 2
3.4785 -6.5684 2
6.0918 -3.3086 2
4.1054 3.9046 2
4.2454 -5.8355 2
4.2297 -5.8555 2
6.1844 0.78824 2
-3.1072 0.79734 2
1.9617 -7.3447 2
5.6462 -3.983 2
-2.0419 3.8145 2
-1.4388 -1.5715 2
-3.0998 1.9846 2
5.8739 -3.4762 2
2.162 -7.1465 2
-2.0515 3.7541 2
4.9595 3.1266 2
1.3112 4.9388 2
-3.0044 2.2341 2
-2.6397 2.9147 2
5.8411 1.9259 2
-0.95939 -1.7587 2
5.5488 2.1736 2
5.0181 3.107 2
3.9234 -6.0841 2
6.2705 0.39543 2
6.419 -1.8796 2
3.7692 -6.1608 2
-0.061244 4.8233 2
0.85094 4.8976 2
4.1503 -5.9354 2
-2.0968 3.7061 2
0.83894 -7.5353 2
0.43546 4.8267 2
-3.141 1.7122 2
5.2341 2.7274 2
1.1118 4.8246 2
4.5534 3.5619 2
-1.5183 -1.5607 2
5.792 1.7899 2
2.1424 -7.1191 2
-0.54672 -1.6555 2
3.5336 -6.2971 2
5.1978 -4.7685 2
6.4257 -1.3189 2
-0.9037 -1.7984 2
-2.3201 -1.0552 2
0.10409 4.8321 2
3.3775 -6.5115 2
4.9017 3.3316 2
5.0012 -4.9709 2
3.4367 4.3207 2
5.8751 -3.5501 2
-0.34362 4.7043 2
1.0941 4.9251 2
5.1286 -4.8403 2
-3.0528 1.647 2
4.0627 3.8055 2
0.78173 4.8959 2
6.2907 -2.5884 2
5.7415 1.8189 2
-2.5618 3.1089 2
-0.6622 4.6721 2
4.671 3.4053 2
4.7148 -5.3409 2
5.6775 1.9527 2
3.0686 -6.8194 2
0.01098 4.9114 2
-0.75893 4.4866 2
6.112 1.0048 2
-3.1864 0.45116 2
4.5362 3.5128 2
4.3289 -5.8774 2
1.7771 -7.4087 2
1.2887 -7.4498 2
6.2827 0.83476 2
-0.65794 -1.674 2
3.0035 4.4978 2
-2.0238 3.7158 2
5.9609 1.7045 2
6.3526 -2.3443 2
-0.9987 -1.6175 2
6.41 -1.6784 2
1.0806 4.8737 2
-2.6533 -0.69065 2
0.1997 4.8505 2
5.9783 1.3177 2
5.5211 2.5726 2
4.3105 -5.7338 2
4.1865 3.9145 2
1.5045 4.9257 2
6.2142 -2.7649 2
-3.1703 0.47809 2
3.5251 -6.3682 2
2.3893 4.6788 2
-1.5404 -1.5897 2
3.7329 4.0781 2
5.6696 -3.8517 2
6.3815 -0.799 2
-2.3442 3.2488 2
3.5217 -6.3678 2
5.0262 -5.1201 2
6.4588 0.10579 2
3.522 -6.4586 2
4.1355 -5.8115 2
4.9176 -5.1472 2
-0.57683 4.5974 2
6.2585 -2.0077 2
-3.077 -0.045501 2
2.4779 -7.094 2
1.2709 4.9418 2
6.0997 1.2546 2
6.5594 -0.69323 2
-2.0176 3.6406 2
4.1245 -5.9357 2
3.6482 4.162 2
3.3778 4.3628 2
5.5678 2.1632 2
-2.6549 -0.58156 2
5.2243 2.8431 2
0.11568 4.8433 2
0.67305 4.9357 2
4.8975 2.9977 2
5.5937 -4.0394 2
4.4049 3.7283 2
-0.80157 4.4785 2
3.3968 4.3121 2
0.60669 -7.7112 2
3.5716 -6.4109 2
2.0704 4.8326 2
2.3665 -7.0215 2
0.64364 -7.7117 2
6.3317 0.14363 2
-1.8085 -1.5006 2
6.3736 -1.8954 2
4.0163 -5.9447 2
1.2159 -7.4892 2
-1.924 -1.4097 2
6.2921 -2.1773 2
5.3112 2.595 2
6.3487 -1.3399 2
-3.2277 0.95387 2
-0.53785 4.5734 2
2.1719 4.7195 2
5.0426 -4.8478 2
2.5985 4.6486 2
5.5778 2.289 2
2.9465 -6.7473 2
6.3913 -1.6915 2
-3.1084 0.22066 2
6.5278 -0.39557 2
5.2629 2.8711 2
0.28642 -7.7814 2
-2.8192 2.7832 2
5.9679 -3.221 2
4.0559 -6.0749 2
3.6671 4.1409 2
6.407 -1.1673 2
-1.2133 -1.6807 2
1.5211 4.9359 2
5.3294 -4.7386 2
6.168 -2.8356 2
0.23884 -7.6468 2
5.8236 1.9017 2
0.22286 -7.6584 2
-1.7286 4.0501 2
4.326 -5.7087 2
-0.67922 4.4918 2
5.4864 -4.3409 2
-0.92909 -1.6938 2
0.036188 4.8116 2
4.749 3.4099 2
4.3275 -5.7296 2
3.7241 -6.1536 2
-2.8217 2.7008 2
1.7299 4.8835 2
0.79821 -7.7292 2
5.9641 -3.2839 2
4.6373 -5.4592 2
6.5217 -0.28962 2
4.6218 -5.4654 2
6.4736 -1.6102 2
2.0935 -7.3214 2
6.2219 -2.6794 2
3.1983 -6.6586 2
1.9863 -7.3345 2
-1.6869 4.071 2
2.5985 -7.0221 2
6.1868 -2.8979 2
5.9955 -3.1368 2
6.2734 -2.2232 2
6.4181 -0.037133 2
2.9992 -6.7782 2
6.233 -2.8156 2
6.3801 -1.203 2
3.7793 -6.1845 2
1.4727 -7.484 2
-2.3906 3.3158 2
-2.5766 -0.76457 2
5.9565 1.6696 2
6.4291 -1.5225 2
0.27945 -7.8163 2
2.166 4.7129 2
5.5025 2.3945 2
3.852 -6.1221 2
4.3784 3.6777 2
5.6634 2.0806 2
4.3991 3.72 2
2.7868 -6.89 2
2.6342 -6.9544 2
-0.8654 4.368 2
6.0907 1.249 2
5.8933 -3.5383 2
4.1241 -5.9865 2
-2.5399 3.1338 2
6.0161 1.4765 2
6.2036 1.1623 2
4.9095 3.1261 2
6.4614 -1.1868 2
6.1981 0.7751 2
-2.7975 -0.46842 2
6.4708 -0.26954 2
-3.2166 0.34857 2
6.4273 0.32967 2
6.4009 0.43211 2
2.8121 -6.8849 2
-2.7374 -0.64882 2
6.1106 1.0906 2
-3.068 1.8386 2
1.1573 -7.6612 2
3.5393 -6.3337 2
6.2485 -2.7311 2
2.5691 4.5682 2
-3.0965 0.3 2
5.7621 1.9902 2
-0.56815 4.5058 2
1.5434 -7.4152 2
6.2456 -2.5883 2
3.8803 4.0058 2
-0.55827 4.5039 2
4.4997 3.666 2
0.99704 1.1724 -1
4.1822 -2.3831 -1
-2.1785 -1.2334 -1
0.69431 7.4779 -1
5.9458 4.7189 -1
5.9262 7.9366 -1
-5.7178 -7.4405 -1
3.0562 -7.0185 -1
-2.9601 -0.10538 -1
5.8036 4.6519 -1
1.7255 -4.3812 -1
-1.029 -3.1007 -1
-2.2978 7.6748 -1
-0.39582 -3.1281 -1
3.111 -7.2715 -1
4.5375 -2.682 -1
-4.3156 -2.0144 -1
1.7443 1.4558 -1
1.4728 -5.119 -1
5.2588 -6.8491 -1
3.7378 -5.8209 -1
-6.2272 3.1231 -1
4.094 -1.1167 -1
-5.1932 3.6454 -1
6.0181 2.3473 -1
-6.1718 2.0509 -1
-3.3875 -5.644 -1
0.6686 -2.2634 -1
2.0191 6.5422 -1
-3.8391 -6.6635 -1
1.7566 -3.3627 -1
0.60887 7.4868 -1
5.9015 0.56615 -1
-3.4838 1.9722 -1
-1.5884 -1.6991 -1
-1.2795 -5.9099 -1
-4.1946 1.8443 -1
-0.29807 -1.0464 -1
-0.81015 4.1765 -1
0.50489 -7.3674 -1
0.38651 7.9087 -1
-1.8725 -3.107 -1
-1.6886 -5.5213 -1
2.2159 7.4489 -1
6.1353 0.12555 -1
-0.99317 7.6643 -1
4.9855 5.5923 -1
-3.0679 7.9675 -1
6.3441 2.5904 -1
2.0811 -0.69084 -1
-3.535 -4.1746 -1
-3.5312 -4.2606 -1
-4.79 7.0115 -1
-4.1976 1.4007 -1
-1.5816 2.8529 -1
-6.2717 3.3302 -1
4.213 2.6279 -1
-0.41696 7.7572 -1
-3.8167 -3.4963 -1
3.9224 -6.3023 -1
-1.9521 1.791 -1
-5.0652 -4.0883 -1
5.2947 6.2156 -1
3.7967 -5.6004 -1
6.4926 6.4649 -1
5.7136 -7.4243 -1
0.81967 0.3283 -1
-2.9895 -0.00085951 -1
0.15954 5.9809 -1
-0.33288 -2.5584 -1
-4.2483 6.1688 -1
5.2115 -5.1639 -1
-3.2276 -4.5736 -1
2.5012 -5.6455 -1
0.89988 -0.24351 -1
4.9861 6.2819 -1
-1.9625 -5.6476 -1
-5.2149 7.8121 -1
3.1152 4.2004 -1
-6.2495 7.3756 -1
-1.9432 -7.2925 -1
-0.65084 -0.018711 -1
-4.0715 -4.323 -1
-0.53212 -3.5106 -1
3.933 5.2171 -1
-5.1819 -6.2939 -1
-0.98123 -7.1683 -1
1.1532 -4.7665 -1
5.3666 2.8373 -1
-6.181 1.9162 -1
3.5842 0.20032 -1
1.8329 3.8181 -1
3.4293 2.4644 -1
2.9413 4.0821 -1
2.4294 3.5826 -1
0.060931 -6.7637 -1
3.3046 7.0353 -1
3.6781 -4.2435 -1
-3.5133 3.5795 -1
1.5065 5.9587 -1
3.6982 -4.6055 -1
-0.052565 -2.7876 -1
5.8367 -3.1035 -1
1.0768 -7.1842 -1
-5.8994 5.6035 -1
2.8926 -6.6268 -1
2.584 -3.2516 -1
5.0489 -7.1636 -1
-3.8496 6.3882 -1
5.3396 -4.6697 -1
-5.442 6.8484 -1
-5.3506 6.4377 -1
-0.94144 7.9699 -1
2.672 5.7087 -1
-5.2121 3.4423 -1
-4.8627 -1.2793 -1
4.579 -7.5973 -1
-1.371 1.0155 -1
-2.8194 5.4605 -1
-0.071015 -6.3005 -1
3.4621 -6.4566 -1
-1.5589 4.268 -1
0.83669 1.8137 -1
-4.9696 -7.4708 -1
6.3262 -1.9484 -1
3.3632 -7.1643 -1
-5.4842 -4.819 -1
6.3909 -7.7097 -1
-0.85769 5.5245 -1
-5.9393 7.5945 -1
-5.0688 -1.5275 -1
-2.0687 2.8432 -1
2.3228 3.5423 -1
5.2122 6.4419 -1
5.0437 -2.8339 -1
4.9325 3.8192 -1
1.5656 -4.3287 -1
-0.18476 -1.6329 -1
-5.8413 -5.0362 -1
-4.5102 5.595 -1
4.5549 -0.8138 -1
-6.0414 5.0219 -1
-3.627 -2.0888 -1
2.115 7.7527 -1
-4.2277 -2.239 -1
4.1579 -6.7695 -1
3.7898 0.30789 -1
-1.4327 5.3565 -1
-5.321 3.4747 -1
2.9305 -4.3483 -1
-0.65996 7.4931 -1
5.7946 5.2348 -1
0.71088 -3.4582 -1
2.514 0.80654 -1
-3.8192 1.7883 -1
2.4929 -4.2774 -1
6.4036 1.7112 -1
-5.3291 5.499 -1
0.30721 -0.5677 -1
-5.4762 0.93261 -1
2.4093 2.977 -1
-1.8227 -3.0121 -1
1.8712 6.9915 -1
-1.6002 5.9287 -1
-5.0192 1.8056 -1
-3.5259 -6.7022 -1
6.2082 2.0681 -1
1.8873 -5.8954 -1
-2.76 -0.7612 -1
-2.9446 3.4073 -1
0.20439 -5.1879 -1
1.0054 5.3538 -1
3.0021 4.8663 -1
-3.1108 2.0954 -1
6.0641 6.7557 -1
-4.0038 6.3951 -1
2.4967 5.9365 -1
3.3355 -6.9662 -1
-4.1238 7.3905 -1
5.4149 -0.027801 -1
-3.1404 -3.3035 -1
0.87371 -0.91466 -1
-5.0495 4.1747 -1
-4.5955 -5.998 -1
2.2079 0.90491 -1
6.3577 7.0719 -1
-5.0772 1.2271 -1
3.1964 -0.33412 -1
-0.67638 -2.1462 -1
5.0756 -0.61201 -1
-1.7577 4.2782 -1
0.083412 6.5329 -1
-2.5483 0.5376 -1
6.1629 -2.9882 -1
3.771 0.29035 -1
-0.030158 6.6956 -1
-3.2344 4.4634 -1
1.2983 4.2072 -1
6.3666 4.9412 -1
1.3649 4.8555 -1
-1.2182 0.7369 -1
2.026 -2.5166 -1
5.9935 -7.1565 -1
-4.7681 -6.3109 -1
5.3053 -5.3231 -1
0.97327 6.2888 -1
-3.1591 0.051957 -1
-1.0545 -2.9558 -1
-5.7917 2.8668 -1
-5.666 3.1302 -1
3.1989 -7.4469 -1
2.3884 7.9023 -1
2.6722 -4.6645 -1
1.5957 -4.4956 -1
-0.76716 -5.4389 -1
-2.0792 6.6362 -1
4.0531 -4.8692 -1
4.9185 1.1542 -1
3.8435 0.35499 -1
5.601 6.4115 -1
4.4642 6.4834 -1
-0.59422 6.7979 -1
-1.3794 -6.5383 -1
-3.7656 4.9034 -1
0.24239 -7.5053 -1
-5.6226 6.4793 -1
2.9967 5.7301 -1
-2.8845 -4.9609 -1
1.6857 -1.3776 -1
-0.061039 -6.8821 -1
-1.7615 -6.323 -1
0.73737 0.66436 -1
4.0347 3.5063 -1
2.9222 -4.4931 -1
-0.92616 0.67313 -1
2.5323 3.0703 -1
-0.41022 6.8608 -1
1.3276 6.1547 -1
-2.7322 2.3895 -1
4.9463 5.5359 -1
4.7218 -0.60724 -1
1.4137 -3.0039 -1
-2.1774 -4.2412 -1
-4.1458 3.2823 -1
3.609 3.0428 -1
-5.9599 -7.427 -1
-3.6884 2.5647 -1
-3.2222 6.0661 -1
-0.67926 6.8599 -1
-4.5158 4.3019 -1
-0.92901 -3.9958 -1
-3.7309 7.9855 -1
3.8052 -2.7865 -1
-0.58681 0.71993 -1
3.6634 7.7778 -1
2.8205 -4.1545 -1
5.1298 -2.5519 -1
5.6018 -6.8103 -1
-1.2913 4.8921 -1
1.3781 0.71746 -1
-2.4163 -4.3378 -1
5.5181 7.4863 -1
-3.2052 -4.9288 -1
4.8516 4.1756 -1
-4.5146 6.2547 -1
3.3334 -1.2291 -1
4.6495 5.4796 -1
2.8658 0.35381 -1
-4.8023 -3.2821 -1
-1.9408 5.8408 -1
2.1486 -4.3912 -1
-4.661 6.4978 -1
-2.1517 -6.3523 -1
2.1335 6.5482 -1
-0.41094 1.4984 -1
0.8161 -2.9263 -1
-3.3417 0.18804 -1
-2.0546 7.0922 -1
5.0153 6.8427 -1
3.7475 2.4096 -1
-0.95336 -6.4451 -1
-1.7757 7.1045 -1
5.3302 -2.9651 -1
3.2545 -2.3742 -1
4.8409 -1.274 -1
3.7683 -1.4661 -1
1.6694 6.1417 -1
-5.7319 -2.5869 -1
6.5222 0.5423 -1
-5.0951 -5.5717 -1
3.2518 6.8628 -1
-1.9046 3.7882 -1
-5.5292 5.8553 -1
-3.2266 7.7296 -1
1.3355 -5.6115 -1
-3.8097 6.1073 -1
3.7864 6.5807 -1
4.575 -3.234 -1
-2.7285 1.0933 -1
0.17763 -0.47547 -1
-5.3179 7.0361 -1
0.78796 -7.4162 -1
4.7834 5.5481 -1
-5.335 -7.4817 -1
3.2472 0.16747 -1
5.1979 -5.2918 -1
4.9531 -2.7009 -1
0.76115 -1.2127 -1
3.3223 5.3327 -1
-5.2735 5.2985 -1
-2.7887 -4.7701 -1
3.1233 -7.3721 -1
1.4966 -7.1718 -1
-3.4529 -2.7676 -1
6.5528 -1.859 -1
6.2053 4.9028 -1
3.4933 7.3344 -1
-3.0983 4.5351 -1
1.0965 1.7329 -1
1.4756 4.7751 -1
-1.9237 -0.018649 -1
-3.8355 0.32676 -1
5.5789 -3.3192 -1
-2.4511 -0.67166 -1
5.8085 6.0645 -1
-3.2578 -4.0852 -1
-2.9998 0.13506 -1
-3.0915 1.3737 -1
-4.1625 -3.009 -1
-5.5275 -5.7139 -1
4.6112 -1.8252 -1
-2.1982 -4.5277 -1
-4.5409 1.4609 -1
-5.2343 -3.6335 -1
6.3133 -5.0417 -1
-5.3859 -0.23118 -1
6.3354 -4.479 -1
-4.7967 0.72734 -1
-2.966 -6.2462 -1
1.5387 -0.65715 -1
-2.6625 7.4906 -1
-2.4973 3.6248 -1
4.3438 0.17437 -1
1.9394 -5.4485 -1
-3.8528 -1.8972 -1
1.1483 -6.8406 -1
4.4759 2.4832 -1
-4.3747 0.12029 -1
3.7233 -5.2136 -1
2.3754 -1.4229 -1
-1.0381 3.9534 -1
-0.18974 -1.3719 -1
1.3579 5.2827 -1
5.1344 6.9134 -1
0.55913 0.64429 -1
-4.818 -1.0339 -1
-6.1389 -4.66 -1
-0.54392 1.5351 -1
4.9994 -0.706 -1
4.9898 -6.5334 -1
-5.6496 -2.104 -1
3.6242 -3.6928 -1
4.464 -1.6731 -1
3.3974 0.16034 -1
-0.94691 4.7007 -1
-3.7249 -1.5431 -1
-1.6193 7.6096 -1
-1.9751 -2.2865 -1
5.9782 -2.2816 -1
-5.499 4.7471 -1
4.4027 -6.5977 -1
-0.48006 -4.0227 -1
-4.3616 -3.1293 -1
2.8308 7.8459 -1
3.5673 -0.60188 -1
6.167 2.3977 -1
6.2279 7.326 -1
-6.2254 2.6421 -1
3.3556 3.0495 -1
-3.8513 -0.50673 -1
-2.1658 2.2508 -1
1.2456 -6.8903 -1
-3.3019 6.1641 -1
0.070979 -1.5406 -1
-3.2609 7.5648 -1
2.9468 2.4309 -1
-0.56474 -2.3226 -1
-0.27054 -3.1012 -1
-2.485 6.2854 -1
-0.98761 1.3893 -1
-6.1605 -5.3819 -1
4.3137 -7.62 -1
-2.3717 7.4464 -1
-2.677 0.32133 -1
0.8667 6.1086 -1
3.2881 7.6549 -1
5.949 -5.6174 -1
3.9371 -5.0215 -1
-4.8079 -5.5373 -1
0.46141 -3.8188 -1
5.8141 -5.019 -1
1.8518 -4.5696 -1
4.4702 -3.7805 -1
-1.1937 -0.39054 -1
-1.7887 3.3432 -1
-3.6752 -3.8158 -1
5.8888 -2.869 -1
4.7502 -2.2679 -1
-0.61324 2.1134 -1
-3.9465 -6.8551 -1
1.1924 4.1245 -1
-0.15488 0.57528 -1
-1.2941 3.8053 -1
0.28874 -0.43841 -1
1.5294 7.9929 -1
2.1688 6.9842 -1
-2.1996 0.24757 -1
0.11939 0.22495 -1
5.6391 4.5312 -1
-4.4355 -3.8229 -1
3.6499 6.6755 -1
1.3787 -6.4042 -1
-1.6911 1.0304 -1
-0.39597 -3.4163 -1
1.5339 2.5518 -1
-0.66757 -1.787 -1
-6.0168 -0.85973 -1
0.72782 -7.0758 -1
4.0202 0.61993 -1
0.84488 3.7026 -1
-1.183 0.8396 -1
2.7949 -5.8993 -1
2.3311 7.1993 -1
2.0495 4.09 -1
-5.3304 -3.0831 -1
-4.2442 -3.5328 -1
0.79558 -5.2189 -1
4.0256 5.9052 -1
-5.5057 -6.5451 -1
-2.0786 6.6513 -1
3.1442 1.138 -1
2.975 5.1619 -1
-3.3218 4.8784 -1
0.92004 4.6088 -1
4.145 7.6729 -1
-4.8376 4.783 -1
5.1885 0.32069 -1
4.8452 -4.8085 -1
1.4223 -4.4354 -1
3.7774 -4.2538 -1
2.5299 7.9499 -1
3.7285 6.4302 -1
1.5697 5.617 -1
-4.161 0.40129 -1
3.0207 -7.5248 -1
-3.7894 -6.901 -1
1.4762 -7.7831 -1
4.7934 -0.33329 -1
-3.6731 -5.158 -1
-0.20239 4.394 -1
4.8309 -7.8099 -1
-3.2922 -2.5616 -1
5.7604 5.5706 -1
-1.9064 -4.3283 -1
-5.2855 -4.5455 -1
4.6664 7.3931 -1
3.8793 4.1104 -1
1.1225 -0.44183 -1
-4.2652 -2.9422 -1
3.1047 5.2933 -1
1.8533 -0.23408 -1
3.8429 6.6068 -1
1.9521 6.6885 -1
4.3278 7.3079 -1
-5.8087 6.2181 -1
3.6731 -5.3896 -1
4.3802 -1.8335 -1
-1.7062 7.662 -1
-4.3473 7.8695 -1
-5.9378 -4.1413 -1
-5.0565 -4.3832 -1
-2.3798 2.1034 -1
6.1812 -5.3513 -1
4.7768 -2.0083 -1
-5.654 1.1851 -1
-1.4824 -4.7542 -1
-3.9498 4.9372 -1
3.5556 -3.7813 -1
-6.1515 6.6724 -1
4.017 6.2756 -1
5.6379 5.6121 -1
4.4176 -2.9743 -1
-5.1328 -3.6111 -1
3.3823 -7.4463 -1
-0.21121 0.65504 -1
-2.6382 -5.5732 -1
-0.79968 6.8647 -1
-0.86721 -2.6187 -1
-0.23394 -6.8208 -1
1.2919 7.064 -1
